0 0 0 0 0 0 0 0 0 2 9 17 24 28 22 7 0 0 0 0 0 0 0 27 43 9 11 9 0 0 0 0 2 12 17 19 21 17 10 16 14 5 6 9 9 6 4 0 0 0 0 0 0 0 0 12 12 0 0 0 0 0 0 0 0 0 0 0 0 0 0 0 0 0 0 0 0 0 0 7 6 0 0 0 1 4 4 0 0 0 0 0 0 0 0 0 0 0 0 0 0 0 0 0 0 0 0 0 0 54 75 70 51 32 23 0 0 0 0 13 16 0 0 0 0 0 0 2 2 3 6 6 4 3 3 0 62 140 101 56 28 0 0 0 0 24 31 0 10 60 2 0 5 3 4 3 5 3 1 0 0 1 20 19 0 0 5 0 0 40 70 80 50 0
0 0 0 1 0 0 0 0 1 2 9 17 24 26 20 10 0 0 0 0 0 0 0 25 39 9 10 8 1 0 0 0 4 12 17 20 21 16 10 17 14 4 6 9 9 6 5 0 0 0 0 0 0 0 0 12 12 0 0 0 0 0 0 0 0 0 0 0 0 0 0 0 0 0 0 0 0 0 0 6 5 0 0 0 1 3 3 0 0 0 0 0 0 0 0 0 0 0 0 0 0 0 0 0 0 0 0 0 0 51 70 69 52 33 25 1 0 0 0 12 15 0 0 0 0 0 0 2 2 3 5 5 4 2 3 0 50 139 112 64 25 0 0 0 0 0 25 0 6 46 8 0 3 3 4 3 5 3 2 0 0 0 15 18 2 0 0 0 0 25 30 22 2 0
0 0 0 2 1 0 0 0 4 4 10 17 22 22 16 13 0 0 0 0 0 0 0 20 30 9 11 7 1 0 0 2 7 11 17 20 21 17 10 16 15 5 6 8 8 6 5 0 0 0 0 0 0 0 0 11 11 0 0 0 0 0 0 0 0 0 0 0 0 0 0 0 0 0 0 0 0 0 0 3 4 1 0 0 0 0 0 0 0 0 0 0 0 0 0 0 0 0 0 0 0 0 0 0 0 0 0 0 0 40 56 68 58 36 30 7 0 0 0 10 11 0 0 0 0 0 0 0 1 2 4 4 2 1 2 0 22 130 135 87 25 0 0 0 0 0 0 29 4 13 22 4 0 3 3 4 5 3 2 0 0 0 4 12 9 0 0 20 26 0 0 0 0 0
0 0 0 4 3 0 0 0 7 6 12 16 18 17 12 11 0 0 0 0 0 0 0 19 27 10 10 6 2 0 0 0 6 11 17 20 20 17 11 16 15 5 6 7 8 7 5 1 0 0 0 0 0 0 0 9 9 0 0 0 0 0 0 0 0 0 0 0 0 0 0 0 0 0 0 0 0 0 0 0 3 5 4 2 0 0 0 2 5 0 0 0 0 0 0 0 1 0 0 0 0 0 0 0 0 0 0 0 0 26 38 70 69 40 37 15 0 0 0 8 6 0 0 0 0 0 0 0 0 0 2 2 1 0 1 0 0 90 137 122 53 0 0 0 0 0 0 45 19 0 25 12 0 3 3 4 5 3 2 0 4 6 0 0 11 16 2 36 1 0 0 0 0 0
0 0 0 6 6 0 0 0 7 10 15 15 13 12 7 3 0 0 0 0 0 0 0 23 30 10 10 6 2 0 0 0 2 11 17 20 20 17 12 16 14 5 6 7 8 7 5 3 1 0 0 0 0 0 0 7 7 0 0 0 0 0 0 0 0 0 0 0 0 0 0 0 0 0 0 0 0 0 0 0 1 9 9 4 0 0 0 4 7 0 0 0 0 0 0 3 3 0 0 0 0 0 0 0 0 0 0 0 0 10 18 72 82 44 44 24 6 1 3 5 1 0 0 0 0 0 0 0 0 0 1 0 0 0 0 0 0 37 109 144 100 32 0 0 0 0 0 15 36 0 19 14 0 3 3 4 5 3 2 0 12 28 0 0 17 36 15 0 0 0 0 0 0 0
0 0 0 8 8 0 0 0 6 13 17 15 10 6 1 0 0 0 0 0 0 0 0 26 35 10 10 6 2 0 0 0 0 12 18 19 20 17 11 17 14 4 6 8 9 7 4 2 1 0 0 0 0 0 0 5 5 0 0 0 0 0 0 0 0 0 0 0 0 0 0 0 0 0 0 0 0 0 0 0 0 13 14 6 0 0 0 4 7 0 0 0 0 0 0 5 5 0 0 0 0 0 0 0 0 0 0 0 0 0 0 70 89 48 51 32 14 8 6 1 0 0 0 0 0 0 0 0 0 0 0 0 0 0 0 0 0 0 60 133 141 75 3 0 0 0 0 0 27 15 14 17 2 3 3 3 6 3 1 0 17 40 0 0 27 25 0 0 0 0 0 0 22 0
0 0 0 9 9 0 0 0 3 15 19 16 8 1 0 0 0 0 0 0 0 0 0 27 38 9 10 6 2 0 0 0 3 11 18 20 20 17 11 17 14 4 6 8 9 7 4 0 0 0 0 0 0 0 0 4 4 0 0 0 0 0 0 0 0 0 0 0 0 0 0 0 0 0 0 0 0 0 0 0 0 17 17 6 0 0 0 2 6 0 0 0 0 0 0 6 6 0 0 0 0 0 0 0 0 0 0 0 0 0 0 62 89 51 56 38 20 14 9 0 0 0 0 0 0 0 0 0 0 0 0 0 0 0 0 0 0 0 11 90 157 120 23 4 0 0 0 0 0 30 17 18 8 2 3 4 5 3 2 0 21 31 0 7 31 0 0 0 0 0 0 0 13 0
0 0 0 9 8 0 0 0 7 15 18 13 2 0 0 0 0 0 0 0 0 0 0 23 38 12 14 8 2 0 0 0 6 9 15 18 20 20 14 15 12 5 6 7 9 8 3 0 0 0 1 2 1 1 1 0 0 0 0 0 0 0 0 7 6 0 0 0 0 0 0 0 0 0 0 1 2 3 3 0 0 17 16 5 0 0 0 6 9 0 0 0 0 0 0 3 5 0 0 0 0 0 0 0 0 0 0 0 0 0 0 50 79 54 60 42 24 18 12 0 0 0 0 0 0 0 0 0 0 0 0 0 0 0 0 0 1 0 0 48 145 147 61 19 25 0 0 0 0 16 41 24 11 5 1 0 0 3 18 22 3 0 30 34 0 0 0 0 0 7 5 0 0 0
0 0 0 8 8 0 0 2 14 14 16 9 0 0 0 6 6 0 0 0 0 0 0 20 37 15 17 10 3 0 0 1 7 7 12 17 20 22 18 13 9 6 6 6 8 8 4 0 0 1 2 4 2 2 2 0 0 0 0 0 0 0 0 13 11 0 0 0 0 0 0 0 1 0 0 0 1 2 3 0 3 13 12 6 0 0 0 5 4 0 0 0 2 0 0 0 4 0 0 0 0 0 0 0 0 0 0 0 0 0 0 41 70 56 61 44 26 19 14 0 0 0 0 0 0 0 0 0 0 0 0 0 0 0 0 0 0 0 0 15 106 149 106 44 28 0 0 0 0 0 52 28 3 7 6 0 0 2 24 18 0 15 37 0 0 0 0 0 0 22 14 0 0 0
0 0 0 8 8 0 0 11 22 12 11 2 0 0 0 11 15 0 0 0 0 0 0 18 36 18 21 12 3 0 0 0 6 6 9 15 21 24 21 12 5 5 6 7 8 7 4 0 0 2 3 5 4 3 2 0 0 0 0 0 0 0 0 18 15 0 0 0 0 0 0 5 8 0 0 0 0 2 3 3 5 5 5 5 3 0 0 5 0 0 0 4 5 0 0 0 2 0 0 0 0 0 0 0 0 0 0 0 0 0 0 35 62 57 61 44 26 19 15 0 0 0 0 0 0 0 0 0 0 0 0 0 0 0 0 0 0 1 0 0 44 124 151 85 16 14 0 0 0 0 25 35 3 11 13 1 0 0 18 9 15 38 0 0 0 0 0 0 0 5 6 8 9 0
0 0 0 9 10 0 0 14 24 8 6 0 0 0 0 12 15 0 0 0 0 0 0 18 36 18 21 12 3 0 0 0 6 6 9 15 21 24 21 11 3 4 7 8 7 6 5 0 0 3 3 4 4 4 2 0 0 0 0 0 0 0 0 11 9 0 0 0 0 0 0 0 0 2 2 1 0 1 1 13 14 2 2 4 5 2 1 2 0 0 0 6 6 0 0 0 0 0 0 0 0 0 0 0 0 0 0 0 0 0 0 33 60 56 59 43 25 17 14 0 0 0 0 0 0 0 0 0 0 0 0 0 0 0 0 0 0 11 5 0 0 83 170 120 45 25 0 0 0 0 0 24 20 15 17 13 6 1 0 14 43 8 0 0 0 0 2 6 3 4 4 5 6 0
0 0 0 11 12 1 0 13 20 3 1 0 0 0 0 11 13 0 0 0 0 0 0 18 36 18 21 12 3 0 0 0 6 6 9 15 21 24 21 9 1 4 7 8 8 7 4 0 0 2 3 4 4 4 2 0 0 0 0 0 0 0 0 5 3 0 0 0 0 0 0 0 0 7 9 4 0 0 0 5 11 9 9 6 1 0 0 3 0 0 0 8 7 0 0 0 0 0 0 0 0 0 0 0 0 0 0 0 0 0 0 30 57 55 57 41 23 15 13 5 0 0 0 0 0 0 0 0 0 0 0 0 0 0 0 0 0 0 16 0 0 39 150 147 100 43 0 0 0 0 0 0 51 28 12 5 15 16 1 29 8 0 0 0 0 24 28 0 0 2 2 1 2 0
0 0 2 13 14 2 0 6 10 0 0 0 0 0 0 9 9 0 0 0 0 0 0 18 36 18 21 12 3 0 0 0 6 6 9 15 21 24 21 7 0 4 7 8 8 7 4 0 0 2 3 4 4 4 3 0 0 0 0 0 0 0 0 0 0 0 0 0 0 0 0 0 0 10 10 2 0 0 0 0 12 20 22 15 4 0 0 0 0 0 0 10 9 0 0 0 0 0 0 0 0 0 0 0 0 0 0 0 0 0 0 27 53 53 55 40 22 13 11 12 7 0 0 0 0 0 0 0 0 0 0 0 0 0 0 0 0 0 15 0 0 4 95 149 154 71 0 27 0 0 0 0 46 42 9 0 28 35 7 0 0 0 0 0 10 43 34 0 0 0 0 0 0 0
0 0 3 15 16 4 0 0 0 0 0 0 0 0 0 6 4 0 0 0 0 0 0 18 36 18 21 12 3 0 0 0 6 6 9 15 21 24 21 5 0 5 6 7 8 7 4 0 0 1 3 5 4 3 3 0 0 0 0 0 0 0 0 0 0 0 0 0 0 0 0 0 0 12 11 2 0 0 0 0 13 17 20 17 11 3 0 0 0 0 0 11 12 1 0 0 0 0 0 0 0 0 0 0 0 0 0 0 0 0 0 24 49 52 54 38 20 12 10 17 13 0 0 0 0 0 0 0 0 0 0 0 0 0 0 0 0 0 8 2 0 0 36 120 171 106 30 38 14 0 0 0 0 42 11 16 50 32 0 0 0 0 0 10 27 22 34 0 0 0 0 0 0 0
0 0 5 18 17 5 0 0 0 0 0 2 4 4 4 4 0 0 0 0 0 0 0 18 36 18 21 12 3 0 0 0 6 6 9 15 21 24 21 4 0 4 7 8 7 6 5 0 0 2 3 4 4 4 3 0 0 0 0 0 0 0 0 0 0 0 0 0 0 0 0 0 2 21 22 13 1 0 0 0 0 0 0 1 11 16 13 3 0 0 1 13 14 2 0 0 0 0 0 0 0 0 0 0 0 0 0 0 0 0 0 22 46 51 53 36 19 12 9 21 18 0 0 0 0 0 0 0 0 0 0 0 0 0 0 0 0 0 1 0 0 0 0 76 145 141 92 31 18 0 0 0 0 22 11 45 71 0 0 0 0 0 0 44 23 7 27 0 0 0 0 0 0 0
0 0 6 23 17 0 0 0 0 2 9 16 16 9 3 0 0 0 0 0 0 0 0 21 37 23 23 10 1 0 0 0 4 7 10 15 20 21 17 6 1 4 6 7 5 5 5 0 2 11 2 0 2 5 0 0 2 8 5 0 0 0 0 0 0 8 8 5 3 0 0 6 17 26 32 26 15 4 0 0 0 0 0 0 0 0 0 4 10 8 17 20 11 0 0 0 0 1 1 1 0 0 0 0 0 0 0 0 0 0 0 21 45 50 51 32 14 9 7 18 18 4 5 3 0 0 0 0 0 0 1 1 0 0 0 0 0 10 0 0 0 0 0 30 96 157 149 50 1 0 0 0 0 0 54 83 0 0 0 0 0 0 20 39 19 5 13 0 0 0 0 4 0 0
0 0 8 27 14 0 0 0 0 11 22 29 25 11 1 0 1 0 0 0 0 0 0 25 37 27 25 9 0 0 0 1 3 8 11 15 18 17 13 10 6 3 6 6 4 4 4 0 11 17 0 0 1 6 0 0 6 13 5 0 0 0 0 14 19 13 15 12 6 0 0 33 43 27 36 32 24 14 5 0 0 0 0 0 0 0 0 0 0 0 11 31 25 0 0 0 8 0 0 0 0 1 2 0 0 0 0 0 0 0 0 20 45 50 49 30 11 5 4 15 17 8 10 5 0 0 0 0 0 0 1 2 0 0 0 0 0 10 0 0 0 0 0 4 55 147 174 83 6 0 0 0 0 0 26 46 0 0 0 0 0 4 20 28 19 7 1 0 0 0 1 14 0 0
0 0 9 28 7 0 0 0 0 25 41 44 32 13 0 0 3 0 0 0 0 0 0 29 37 31 27 8 0 0 3 2 2 9 13 15 16 14 9 14 12 2 4 5 3 3 3 6 20 18 0 0 2 7 0 0 6 20 10 0 0 0 1 30 34 16 19 15 7 0 0 39 48 22 29 27 23 15 7 0 0 3 0 0 0 0 0 0 0 0 0 15 33 17 0 4 10 0 0 0 0 2 4 0 0 0 0 0 0 0 0 18 44 51 50 30 8 0 0 11 16 11 13 8 0 0 0 1 1 0 1 4 0 0 0 0 3 0 0 0 0 0 0 0 25 106 162 134 51 7 17 0 0 0 0 0 0 0 0 2 7 15 18 15 8 1 0 0 0 0 1 21 3 0
0 0 7 21 0 0 0 0 0 45 58 51 33 12 0 0 0 0 0 0 0 0 0 29 37 31 27 9 0 0 3 3 3 9 14 16 15 13 9 15 12 2 4 4 4 3 3 10 18 8 0 0 9 11 0 0 11 18 8 0 0 0 5 38 39 10 12 10 4 0 0 33 42 21 26 24 21 13 5 0 0 14 18 14 6 0 0 0 0 0 0 0 7 36 32 9 0 0 0 0 0 0 2 0 0 0 0 0 0 0 0 15 42 55 55 33 8 0 0 12 16 9 10 6 1 0 0 0 0 0 0 4 0 0 0 0 2 0 0 0 0 0 0 1 6 51 132 164 113 39 1 0 0 0 0 0 0 0 0 26 13 8 9 7 1 0 0 13 0 0 0 13 0 0
0 0 3 9 0 0 0 0 0 69 78 58 30 9 0 0 0 0 0 0 0 0 0 28 39 31 26 9 0 0 4 4 4 9 14 16 16 14 9 14 12 2 3 5 4 3 3 5 10 1 0 0 21 16 0 6 24 11 0 0 0 0 6 31 30 8 10 10 8 6 3 24 33 21 25 23 19 13 5 3 6 11 18 22 22 20 14 0 0 0 0 0 0 0 34 7 0 3 0 0 0 0 0 0 0 0 0 0 0 0 0 14 41 60 61 36 8 0 0 11 15 5 5 5 3 2 0 0 0 0 0 4 2 0 0 0 0 0 0 0 0 0 0 6 0 4 93 173 163 79 4 24 0 0 0 0 0 0 10 30 14 1 0 0 0 0 0 20 3 0 0 10 0 0
0 0 0 0 0 0 0 0 24 94 98 63 24 2 0 0 0 0 0 0 0 0 0 28 40 31 26 9 0 0 4 6 6 9 14 16 16 14 9 14 12 3 3 4 5 3 2 2 5 0 0 9 32 15 0 13 33 2 0 0 0 0 5 22 21 7 10 14 16 15 11 18 24 22 27 25 21 15 6 21 20 2 7 12 17 19 15 13 0 0 0 0 0 0 0 0 5 19 20 11 0 0 0 0 0 0 0 0 0 0 0 14 43 66 68 39 8 0 0 8 10 0 1 3 5 6 4 0 0 0 0 4 7 0 0 0 0 0 0 0 0 0 0 8 0 0 50 142 176 121 38 66 0 0 0 0 0 36 13 22 13 0 0 0 0 0 0 15 4 0 6 9 0 0
0 0 0 0 0 0 0 0 66 115 114 64 15 0 0 0 0 0 0 0 0 0 0 29 40 30 26 9 0 0 4 9 9 9 13 15 16 14 9 14 13 3 3 4 4 4 2 4 7 1 0 19 33 4 0 5 31 0 0 0 0 0 10 16 12 5 8 14 20 21 16 17 21 24 31 30 26 19 9 28 26 0 3 7 10 11 9 20 17 0 0 0 0 0 0 0 0 20 23 15 1 0 0 0 0 0 0 0 0 0 0 17 48 71 73 42 9 0 0 2 3 0 0 2 7 9 8 0 0 0 0 5 10 3 0 0 0 0 0 0 0 0 0 6 5 0 10 75 151 160 98 54 0 0 0 0 20 50 11 15 13 0 0 0 0 0 2 4 0 2 15 4 0 0
0 0 0 0 0 0 0 0 110 130 125 64 7 0 0 0 0 0 0 0 0 0 0 29 40 31 27 9 0 0 3 10 10 9 14 16 15 13 9 15 13 3 3 3 5 4 2 7 9 3 4 20 25 0 0 0 37 0 0 0 0 11 18 15 6 0 1 9 17 20 17 21 25 27 35 36 32 23 13 20 17 5 8 8 7 4 3 19 14 0 9 3 0 0 0 0 0 1 4 6 5 6 6 0 0 0 0 0 0 0 0 19 53 75 78 45 9 0 0 0 0 0 0 1 8 12 12 0 0 0 0 6 14 7 0 0 0 0 0 0 0 0 0 3 24 20 0 1 107 188 163 0 0 0 0 0 24 33 7 11 12 0 0 0 0 5 6 0 0 14 20 0 0 0
0 0 0 0 0 0 0 31 136 131 119 60 12 0 0 0 0 0 0 0 0 0 0 29 47 29 24 8 0 0 6 7 6 9 13 16 15 12 9 12 10 3 5 5 5 5 4 22 2 0 27 35 0 0 0 2 24 10 7 3 7 15 16 10 5 4 1 1 6 12 13 24 30 28 35 34 31 28 21 21 10 0 9 19 18 5 0 10 12 2 13 20 2 0 0 0 0 0 0 0 36 12 22 17 0 0 0 0 0 0 10 29 45 77 79 48 12 0 0 0 0 0 0 0 12 10 20 12 0 0 0 1 19 14 0 0 0 0 0 0 0 0 0 14 13 11 0 0 75 154 63 0 0 0 0 26 26 16 0 9 7 0 0 0 8 7 0 0 26 65 0 0 0 0
0 0 0 0 0 0 0 58 140 127 110 57 20 1 0 0 0 0 0 0 0 0 0 29 54 27 21 7 0 3 9 3 1 9 13 16 15 12 9 9 7 4 6 6 6 5 5 24 0 0 48 33 0 0 0 17 17 14 14 10 9 9 7 11 13 11 5 0 0 4 8 25 33 28 33 31 30 32 29 19 9 10 17 19 14 3 0 8 11 1 3 8 11 10 6 0 0 0 0 0 0 0 39 34 0 0 0 8 0 0 9 34 44 78 79 50 15 0 0 0 0 0 0 0 7 7 34 32 2 0 0 0 21 16 0 0 0 1 1 1 3 0 0 5 8 18 2 0 59 54 0 0 0 0 0 55 27 6 0 1 1 0 0 6 11 3 0 0 45 44 0 0 46 0
0 0 0 0 0 0 0 77 130 120 99 54 30 12 0 0 0 0 0 0 0 0 0 30 59 24 18 6 0 6 12 0 0 9 12 15 15 12 9 7 5 4 7 8 7 6 5 15 0 10 60 11 0 0 15 20 0 18 22 17 11 3 0 7 16 20 12 0 0 0 5 22 31 27 30 27 30 38 37 30 14 4 9 14 17 15 9 0 0 1 2 5 7 7 5 35 1 0 0 0 0 0 12 51 0 0 0 20 9 0 0 36 50 78 79 52 18 0 0 0 0 0 0 0 0 0 57 65 21 0 0 0 18 15 0 0 0 3 3 3 6 3 0 0 9 23 11 12 20 0 0 0 0 0 9 28 26 5 0 0 0 0 4 11 8 0 0 37 56 0 0 0 182 0
0 0 0 0 0 0 0 77 123 120 99 54 30 12 0 0 0 0 0 0 0 0 0 29 57 24 18 6 0 6 12 0 0 9 12 15 15 12 9 8 7 5 6 7 8 7 4 0 9 48 32 0 0 0 26 26 3 11 14 10 6 1 0 11 20 20 13 0 0 0 6 19 26 26 30 30 36 44 42 34 15 1 4 8 11 11 9 1 0 0 0 9 18 21 17 23 32 3 0 0 0 0 0 33 30 9 0 12 19 0 0 31 67 78 81 53 19 0 0 0 0 0 0 0 0 0 79 98 45 10 0 0 8 6 0 0 3 3 3 3 6 3 0 0 25 41 8 0 0 0 0 0 16 5 17 24 15 0 0 0 0 22 17 4 0 0 2 85 20 0 0 157 255 0
0 0 0 0 0 0 8 70 121 120 99 54 30 12 0 0 0 0 0 0 0 0 0 28 54 24 18 6 0 6 12 0 0 9 12 15 15 12 9 10 8 4 7 8 8 7 4 0 14 41 0 0 0 0 26 23 10 4 6 4 3 1 0 14 24 21 14 1 0 1 8 14 20 24 28 31 41 51 47 32 13 4 6 5 1 0 0 9 13 6 12 20 25 24 18 4 22 37 33 0 0 0 0 0 61 26 0 0 9 0 0 29 73 78 83 55 20 0 0 0 0 0 0 0 0 0 88 131 77 32 5 0 1 0 0 0 4 3 3 3 6 3 0 1 18 39 26 0 0 0 0 0 17 17 21 16 3 0 0 0 3 27 16 0 0 15 25 60 0 0 78 230 227 0
0 0 0 0 0 0 0 60 122 120 99 54 30 12 0 0 0 0 0 0 0 0 0 27 51 24 18 6 0 6 12 0 0 9 12 15 15 12 9 12 10 4 7 8 8 7 4 2 9 0 0 0 0 27 16 14 12 0 0 1 3 4 3 15 25 23 16 3 0 2 9 11 14 20 24 29 43 56 51 21 12 21 4 0 0 3 20 28 23 17 23 22 17 11 5 0 7 17 21 51 0 0 0 0 1 41 27 0 0 1 0 29 70 79 85 56 22 3 0 0 0 0 0 0 0 0 73 153 112 60 28 0 0 0 0 0 2 3 3 3 6 3 0 7 17 43 0 0 0 0 0 12 5 23 19 5 0 0 0 0 6 15 6 0 9 36 44 1 0 67 168 187 102 0
0 0 0 0 0 0 0 56 120 120 99 54 30 12 0 0 0 0 0 0 0 0 0 26 48 24 18 6 0 6 12 0 0 9 12 15 15 12 9 14 12 4 7 8 7 6 5 11 0 0 0 0 24 33 9 5 6 0 0 1 6 9 7 15 25 24 18 6 0 4 9 9 11 14 17 24 42 58 53 20 11 16 0 0 0 44 71 37 8 14 17 11 2 0 0 0 12 10 0 52 54 0 0 0 0 13 62 22 0 0 3 31 68 80 87 59 23 4 0 0 0 0 0 0 0 0 34 162 145 88 54 12 4 0 0 0 0 3 3 3 6 3 0 10 39 28 0 0 0 0 9 7 15 22 11 0 0 0 0 5 5 0 0 8 27 46 45 0 42 166 165 86 10 0
0 0 0 0 6 0 0 60 113 120 99 54 30 12 0 0 0 0 0 0 0 0 0 25 46 24 18 6 0 6 12 0 0 9 12 15 15 12 9 15 14 5 6 7 8 7 4 2 0 0 0 8 23 17 10 3 0 0 0 2 9 15 13 15 23 24 20 8 0 5 10 9 8 9 11 18 38 58 55 28 0 0 0 6 44 73 68 24 0 0 0 0 0 0 0 0 16 22 0 24 69 0 0 0 0 0 51 51 0 0 12 38 70 81 89 61 25 4 0 0 0 0 0 0 0 0 0 161 170 111 77 28 11 5 0 0 0 3 3 3 6 3 0 27 60 0 0 0 0 0 4 9 19 17 1 0 0 0 11 10 0 0 6 28 43 41 26 45 126 167 89 2 0 0
0 0 0 8 3 0 1 58 111 122 97 50 28 15 0 0 0 0 0 0 0 0 0 25 49 21 18 9 3 5 8 0 0 9 12 15 15 12 9 12 27 0 0 26 0 7 8 0 0 0 0 13 9 6 14 3 0 0 0 5 13 20 16 14 19 21 20 13 6 8 11 0 0 5 11 22 41 55 49 0 0 8 32 55 60 46 23 12 3 0 0 0 0 3 3 0 10 23 7 9 42 37 0 0 0 0 0 30 30 33 12 33 76 85 86 58 28 6 0 0 0 0 0 0 0 0 0 146 174 108 95 65 42 7 0 0 0 0 4 17 7 0 0 68 11 0 0 0 10 30 8 9 6 1 0 0 0 1 11 9 0 0 18 25 30 57 77 122 136 84 21 0 29 0
0 0 0 8 0 0 0 52 110 124 95 46 26 18 0 0 0 0 0 0 0 0 0 26 53 17 17 12 6 4 4 0 0 9 12 15 15 12 9 10 30 0 0 26 0 18 0 0 0 1 10 7 0 3 16 4 0 0 1 9 17 23 18 14 15 16 16 13 9 7 8 0 0 0 19 43 48 29 6 0 9 51 77 77 45 0 0 5 15 0 0 0 5 11 11 0 1 14 13 10 20 30 15 0 0 0 0 0 0 48 18 36 93 91 83 53 30 8 0 0 9 0 0 0 0 0 0 87 151 148 125 76 46 10 0 0 0 0 13 24 7 4 25 36 0 0 0 0 52 37 18 10 0 0 0 0 0 4 6 4 4 9 11 11 40 103 131 139 95 23 1 14 54 0
0 0 0 2 4 0 0 41 111 126 93 42 24 21 6 0 0 0 0 0 0 0 0 26 56 14 17 15 9 3 0 0 2 9 12 15 15 12 9 9 27 0 0 16 14 25 0 0 0 15 9 0 0 9 15 3 0 1 6 15 21 24 19 13 10 10 10 10 7 1 1 0 0 12 26 33 30 17 4 29 63 76 72 35 0 0 0 5 2 0 0 0 6 11 11 6 3 5 9 11 9 8 6 54 0 0 0 0 0 0 37 49 100 101 82 47 30 11 0 0 17 0 0 0 0 0 0 23 106 165 145 95 66 30 0 0 0 0 25 19 2 28 45 0 0 0 0 2 43 46 10 0 0 0 0 3 11 5 0 0 13 12 0 5 83 170 177 105 23 0 15 41 49 0
0 0 0 7 8 0 0 37 105 126 93 42 24 21 6 0 0 0 0 0 0 0 0 25 55 13 16 15 9 3 0 1 4 9 12 15 15 12 9 10 16 11 0 8 71 0 0 0 6 15 9 0 0 9 15 3 0 6 12 21 24 24 19 9 6 8 6 3 0 0 0 0 0 24 19 9 19 41 48 93 82 23 15 0 0 3 10 2 0 0 0 3 9 12 11 9 5 3 5 7 6 4 3 37 0 0 0 0 0 0 51 92 101 112 88 46 27 11 0 0 12 0 0 0 0 0 0 0 53 141 160 130 86 44 15 5 0 0 37 4 9 54 9 0 0 0 0 26 32 33 2 0 0 0 0 8 14 6 0 0 6 0 0 58 163 193 122 32 2 16 32 43 38 0
0 0 0 10 11 0 0 34 101 126 93 42 24 21 6 0 0 0 0 0 0 0 0 23 53 14 17 15 9 3 0 2 6 9 12 15 15 12 9 9 23 0 0 65 129 0 0 1 19 15 9 0 0 9 15 4 0 12 18 25 26 23 17 0 0 10 8 2 0 0 0 0 0 22 23 26 52 83 84 82 41 0 0 0 0 10 14 7 1 3 6 8 10 10 8 7 4 1 3 4 3 2 2 16 5 41 63 0 0 0 0 111 113 126 96 45 24 12 0 0 8 0 0 0 0 0 0 0 6 55 156 182 110 45 34 26 0 0 30 13 41 30 0 0 0 0 17 32 19 28 1 0 0 0 0 12 15 5 0 0 0 0 50 150 203 148 45 0 4 34 43 38 24 0
0 0 0 10 11 0 0 34 101 126 93 42 24 21 6 0 0 0 0 0 0 0 0 21 51 14 17 15 9 3 0 4 8 9 12 15 15 12 9 6 37 0 0 170 127 0 0 41 24 15 9 0 0 9 15 7 4 16 23 27 24 19 12 0 0 13 13 4 0 0 0 0 0 43 69 84 90 79 54 32 4 0 0 0 5 12 8 9 11 8 10 10 8 6 3 2 2 1 3 4 3 2 2 5 11 27 64 0 0 0 0 46 139 141 106 44 20 13 1 0 6 0 0 0 0 0 0 9 0 0 114 166 111 85 107 73 0 0 3 33 53 0 0 0 0 0 40 21 7 29 4 0 0 0 4 14 13 1 0 0 0 18 141 225 177 59 0 0 31 38 39 25 11 0
0 0 0 7 8 0 0 37 105 126 93 42 24 21 6 0 0 0 0 0 0 0 0 19 49 15 17 14 9 4 0 5 10 9 12 15 15 12 9 4 35 0 8 255 22 0 0 53 23 15 9 0 0 9 15 11 9 19 25 25 19 13 6 0 0 14 14 2 0 0 0 0 0 100 124 106 69 30 6 3 0 0 0 12 19 14 1 5 13 11 12 9 3 0 0 0 2 3 6 7 5 5 4 0 19 13 15 67 0 0 0 0 144 154 114 43 16 14 6 0 6 0 0 0 0 0 0 1 0 0 32 107 159 198 190 98 0 0 0 41 0 0 0 0 0 8 37 3 0 30 0 0 0 0 6 13 8 0 0 0 0 97 205 216 106 0 0 26 51 28 22 6 0 0
0 0 0 2 4 0 0 41 111 126 93 42 24 21 6 0 0 0 0 0 0 0 0 18 47 14 17 14 9 4 0 7 11 9 12 15 15 12 9 4 12 0 131 255 0 0 0 34 19 15 9 0 0 9 15 15 14 20 25 22 13 6 0 0 0 13 10 0 0 0 0 18 84 128 122 62 10 0 0 0 0 0 1 26 34 22 2 0 8 11 11 6 0 0 0 1 6 6 9 11 10 8 6 0 2 24 11 40 67 0 0 0 108 164 121 42 12 15 11 0 6 0 0 0 0 0 0 0 0 0 0 113 255 255 163 42 0 0 18 40 0 0 0 0 22 15 31 0 0 25 0 0 0 0 5 11 3 0 0 0 59 205 213 126 30 0 0 41 43 11 0 0 0 0
0 0 0 3 2 0 0 40 111 127 99 49 28 19 0 0 0 0 0 0 0 0 0 17 44 21 22 14 8 5 3 4 6 9 12 14 14 11 8 10 0 0 255 234 0 0 16 30 17 12 8 1 4 9 11 13 20 29 26 11 0 0 1 0 4 17 0 0 0 10 45 93 104 79 62 14 0 0 6 11 0 0 5 27 33 22 7 0 0 5 6 5 3 0 0 1 7 13 8 1 0 6 11 0 0 35 13 14 101 0 0 0 0 198 133 31 18 36 4 0 7 0 0 0 0 0 0 0 0 0 111 255 255 209 87 35 18 0 34 47 0 0 0 4 33 22 26 0 0 9 0 0 11 0 0 12 8 0 0 15 171 255 151 13 0 29 28 25 19 0 0 0 0 0
0 0 0 5 2 0 0 36 107 128 105 56 32 17 0 0 0 0 0 0 0 0 0 16 40 28 28 16 7 4 6 2 1 9 12 13 13 10 7 13 0 40 255 128 0 0 21 30 13 10 9 6 8 10 9 18 24 21 14 0 0 1 8 4 1 0 0 0 1 72 100 111 65 4 8 10 5 0 0 14 16 0 7 21 25 17 7 0 0 1 3 6 9 9 7 8 8 4 0 0 0 14 20 0 0 27 2 0 84 24 0 0 0 158 152 66 24 24 0 0 0 0 0 0 0 0 0 0 16 139 251 255 211 100 36 16 16 20 39 57 0 0 0 0 30 26 23 0 0 0 0 3 6 0 13 18 0 0 0 102 241 223 80 0 0 57 32 5 3 0 0 0 2 0
0 0 1 8 3 0 0 29 99 128 109 62 37 16 0 0 0 0 0 0 0 0 0 15 37 36 33 16 6 5 8 0 0 8 11 12 12 9 6 9 0 137 255 0 0 0 3 35 7 9 12 13 14 12 7 25 24 1 0 0 0 12 18 14 0 0 0 7 74 121 113 41 0 0 2 19 17 0 0 21 36 10 13 14 9 3 1 0 0 2 5 9 14 16 12 11 6 0 0 0 0 19 25 0 9 21 0 0 72 49 0 0 0 26 149 129 33 0 0 1 0 0 0 0 0 0 0 34 192 255 255 150 39 27 57 28 0 20 9 51 43 0 0 0 42 26 18 0 0 0 0 5 0 0 41 18 0 0 40 212 248 111 16 0 31 58 6 0 3 0 0 0 8 0
0 0 2 7 2 0 0 24 92 125 106 61 38 19 0 0 0 0 0 0 0 0 0 14 36 36 33 17 5 5 8 2 0 7 11 12 12 9 6 0 0 211 255 0 0 0 13 19 2 11 16 17 18 16 10 28 14 0 0 5 21 20 12 0 0 0 12 99 129 82 19 0 0 7 19 25 16 0 0 16 31 13 13 9 2 0 0 2 8 10 14 13 10 7 3 4 6 3 0 0 0 16 22 0 4 21 0 0 30 55 35 0 0 0 82 164 38 0 8 8 0 0 0 0 0 0 0 199 255 255 86 0 45 101 27 0 0 35 12 32 98 0 0 0 39 22 14 0 0 0 0 2 0 10 57 0 0 12 166 255 162 12 0 19 47 30 0 0 5 0 0 1 7 0
0 0 3 6 2 0 0 19 86 121 101 59 40 23 0 0 0 0 0 0 0 0 0 12 35 36 33 17 5 5 8 3 0 6 11 12 12 9 6 0 0 255 255 0 0 0 16 13 6 12 18 21 21 18 12 16 1 0 0 22 25 3 0 0 0 26 79 116 93 24 0 0 4 24 31 27 14 0 0 9 19 12 12 5 0 0 0 9 19 16 21 16 7 0 0 0 7 34 12 0 0 1 26 7 1 21 16 0 0 24 52 0 0 0 0 84 32 12 30 0 0 0 0 0 0 4 188 255 216 80 3 0 58 58 0 0 0 47 15 19 138 0 0 0 37 17 9 0 0 0 0 7 3 16 19 0 0 110 255 231 59 0 9 49 40 3 0 0 3 0 0 1 7 0
0 0 3 6 1 0 0 16 81 117 97 57 41 28 1 0 0 0 0 0 0 0 0 10 33 36 33 17 5 5 8 1 0 6 11 12 12 9 6 0 45 255 210 0 0 0 8 21 13 12 17 21 22 18 12 3 0 3 18 24 6 0 0 0 29 109 106 56 8 0 0 0 13 32 33 20 7 0 0 4 7 7 6 0 0 0 0 15 25 16 21 17 7 0 0 0 14 47 4 0 0 2 47 32 1 6 25 12 0 0 28 46 0 0 0 0 0 52 22 0 0 0 0 0 0 160 225 153 40 0 17 44 36 0 0 0 4 49 17 20 140 0 0 0 38 13 3 0 0 0 3 12 26 12 0 0 45 221 255 135 0 0 31 49 15 0 0 0 0 0 0 1 7 0
0 0 3 6 2 0 0 16 79 113 93 55 43 32 5 0 0 0 0 0 0 0 0 8 30 36 33 17 6 4 8 0 0 7 11 12 12 9 6 0 107 255 89 0 0 0 0 32 14 10 15 19 18 15 11 6 7 13 15 6 0 0 0 23 93 108 69 0 0 0 36 31 22 30 23 6 0 1 7 6 0 0 0 0 0 2 1 16 20 10 14 14 10 6 3 4 19 20 0 0 0 19 64 48 5 0 8 7 0 0 8 31 18 0 0 0 0 37 0 0 0 0 0 21 121 145 82 0 0 43 23 5 2 0 0 0 19 40 17 37 104 0 0 0 41 8 0 0 0 0 6 14 34 0 0 0 155 255 223 38 0 23 41 28 0 0 0 2 0 0 0 0 8 0
0 0 3 6 1 0 0 17 79 110 90 54 44 35 9 0 0 0 0 0 0 0 0 6 29 36 33 17 5 5 8 0 0 8 11 12 12 9 6 0 164 255 0 0 0 0 0 39 6 8 12 14 14 12 8 23 24 4 0 0 0 0 4 85 97 30 8 0 0 11 34 48 41 23 9 0 0 4 16 15 0 0 0 0 8 16 14 11 7 2 5 10 14 14 11 25 15 0 0 0 0 28 46 30 13 8 0 0 0 0 0 1 26 39 0 0 0 0 0 0 30 48 56 68 73 43 0 0 23 47 2 0 0 3 0 16 30 26 15 58 52 0 0 0 45 4 0 0 0 0 8 18 27 0 0 48 233 255 120 0 0 43 28 3 0 0 0 1 1 0 0 1 7 0
0 0 0 1 1 0 0 19 75 108 96 59 40 29 11 4 0 0 0 0 0 0 0 11 35 28 28 17 6 4 6 0 0 7 12 9 19 14 0 0 247 255 0 0 0 0 0 42 4 0 16 33 10 0 10 19 32 21 0 0 19 56 40 67 45 0 0 0 14 29 30 44 39 14 0 0 0 12 27 10 0 0 0 0 11 16 13 0 0 5 8 10 10 7 5 22 9 0 0 0 12 20 17 7 14 21 0 0 0 6 5 0 0 47 25 0 0 0 25 41 52 79 76 34 0 0 0 24 18 0 0 0 0 6 19 10 43 25 0 98 0 0 0 0 51 8 0 0 0 8 8 24 13 0 25 158 236 156 29 0 23 30 9 0 0 0 0 0 3 0 0 1 7 0
0 0 0 0 0 0 0 21 71 108 103 64 35 22 12 7 0 0 0 0 0 0 0 17 42 20 23 16 7 4 3 0 0 6 12 5 25 18 0 0 255 255 0 0 0 0 0 27 3 0 22 41 7 0 19 23 20 6 0 0 57 80 40 20 0 0 0 8 32 37 28 27 21 10 7 1 0 0 0 8 8 1 3 6 10 10 7 0 0 12 15 12 5 0 0 8 4 0 4 17 18 8 0 0 8 11 0 0 0 10 5 0 0 3 40 0 0 0 72 74 41 51 30 0 0 10 56 16 0 0 19 18 0 0 19 1 44 26 0 128 0 0 0 2 49 16 0 0 0 18 8 18 11 5 100 216 195 62 0 20 35 13 0 0 0 1 0 0 3 0 0 1 6 0
0 0 0 0 0 4 4 23 66 108 111 69 30 15 12 9 0 0 0 0 0 0 0 24 48 12 18 15 9 3 0 0 0 5 12 1 30 20 0 0 255 255 0 0 0 0 0 0 0 0 26 40 6 0 30 17 0 0 0 32 77 65 15 0 0 3 0 0 14 34 38 18 7 17 24 19 0 0 0 8 26 12 15 11 6 0 0 0 0 20 23 15 1 0 0 0 5 13 18 17 10 3 0 5 0 0 0 7 17 9 0 0 0 0 43 10 0 0 82 59 0 4 6 5 6 5 4 0 0 1 3 23 6 0 0 0 55 22 31 136 0 0 0 17 40 28 0 0 0 25 10 0 19 82 166 216 119 0 0 44 24 0 0 0 0 0 0 0 0 0 0 0 6 0
0 0 0 0 0 3 5 25 67 108 111 69 30 15 12 9 0 0 0 0 0 0 0 24 48 12 18 15 9 3 0 0 0 7 12 0 26 14 0 32 255 245 0 0 0 0 0 0 0 14 17 13 12 21 27 13 0 0 32 71 58 22 5 0 0 22 17 6 4 13 17 15 25 38 32 7 0 0 0 18 30 11 14 10 4 0 0 0 0 18 21 15 5 0 0 0 5 11 15 14 7 1 0 0 0 0 0 22 25 0 0 0 0 13 36 25 0 7 41 29 3 2 3 1 1 2 1 0 7 11 0 36 13 0 0 48 52 8 97 83 0 0 0 41 23 31 0 0 0 21 15 0 41 195 195 150 53 0 34 36 0 0 0 0 0 0 0 0 0 0 0 0 6 0
0 0 0 0 0 4 5 26 69 108 111 69 30 15 12 9 0 0 0 0 0 0 0 24 48 12 18 15 9 3 0 0 0 8 12 0 21 6 0 82 255 191 0 0 0 0 0 0 0 13 0 4 27 29 6 0 1 23 57 63 31 0 0 0 0 37 31 11 0 0 0 13 40 52 23 0 0 5 35 14 0 10 12 7 2 0 0 0 0 15 18 15 9 0 0 2 8 10 12 9 3 0 0 0 0 0 0 14 11 0 0 0 26 41 24 8 12 21 19 17 9 0 1 0 0 0 0 0 18 19 0 34 0 0 0 94 34 15 150 0 0 0 0 59 9 26 3 0 0 13 22 0 76 255 199 81 0 0 58 33 0 0 0 0 0 0 0 0 0 0 0 0 6 0
0 0 0 0 0 4 5 28 71 108 111 69 30 15 12 9 0 0 0 0 0 0 0 24 48 12 18 15 9 3 0 0 0 10 13 0 15 0 0 116 255 142 0 0 0 0 0 0 0 0 0 10 40 27 0 4 43 52 46 32 16 0 0 0 23 39 33 12 0 0 0 7 31 42 15 0 0 30 57 1 0 8 9 5 1 0 0 0 0 12 15 15 12 6 2 8 11 8 8 4 0 0 0 0 0 0 0 0 0 1 3 18 41 38 10 0 20 22 0 3 8 0 0 0 0 1 0 0 17 23 9 2 0 0 0 87 3 60 172 0 0 0 0 54 0 13 5 0 0 9 33 0 126 255 160 27 0 1 55 26 0 0 0 0 0 0 0 0 0 0 0 0 6 0
0 0 0 0 0 4 4 30 73 108 111 69 30 15 12 9 0 0 0 0 0 0 0 24 48 12 18 15 9 3 0 0 0 12 14 0 9 0 0 147 255 100 0 0 0 0 0 0 0 0 0 20 37 23 5 41 60 31 18 9 2 0 0 13 52 30 23 7 0 0 1 3 7 17 18 15 17 26 26 0 0 7 8 2 0 0 0 0 0 9 13 15 15 12 8 8 9 6 4 0 0 0 0 5 4 0 0 0 3 26 32 36 33 19 12 16 22 3 0 0 7 1 2 1 1 3 2 4 10 23 11 0 0 0 0 22 0 131 154 0 0 0 46 27 0 0 4 0 0 13 50 70 181 227 84 0 9 17 26 12 0 0 0 0 0 0 0 0 0 0 0 0 6 0
0 0 0 0 0 3 5 32 74 108 111 69 30 15 12 9 0 0 0 0 0 0 0 24 48 12 18 15 9 3 0 0 0 14 15 0 5 0 0 180 255 69 0 0 0 0 0 0 0 0 0 21 16 26 54 69 31 0 7 0 0 0 25 35 22 15 8 0 0 7 15 6 0 6 19 29 27 16 4 0 0 6 7 2 0 0 0 0 0 7 11 15 18 17 12 4 2 3 1 0 0 0 0 3 0 0 0 16 27 28 18 34 35 19 25 13 0 0 0 0 4 4 5 6 5 6 4 9 5 22 0 0 0 3 0 0 29 198 105 0 0 0 85 0 0 0 4 0 0 25 71 160 219 131 0 0 54 35 0 0 9 0 0 0 0 0 0 0 0 0 0 0 6 0
0 0 0 0 0 7 10 34 71 102 107 70 33 16 10 6 2 0 0 0 0 0 0 28 50 17 19 11 3 0 0 0 0 9 16 0 0 0 0 227 255 40 0 0 0 0 0 0 0 0 0 9 18 47 83 58 0 0 0 0 0 11 65 25 0 5 0 0 18 28 12 0 12 21 10 11 21 10 0 0 0 8 32 19 0 0 0 0 21 2 5 16 23 13 0 0 4 2 0 3 17 0 0 0 7 13 21 32 38 26 5 11 20 23 28 6 0 0 2 6 5 11 7 3 5 13 15 12 12 0 0 0 0 55 0 0 56 232 0 0 0 41 69 0 4 0 0 10 2 29 123 225 186 43 0 0 65 33 0 0 11 0 0 0 0 0 0 0 0 0 0 2 5 0
0 1 0 0 0 10 15 36 68 95 103 72 35 16 8 3 4 0 0 0 0 0 0 31 52 23 20 7 0 0 1 3 0 3 17 0 0 0 0 255 255 18 0 0 0 0 0 0 0 0 0 20 42 49 52 30 0 0 0 3 0 29 67 0 0 0 0 7 28 19 0 29 43 5 0 0 11 22 11 0 0 0 20 14 17 25 0 0 7 0 0 12 27 17 0 0 0 0 1 0 0 0 0 9 23 40 35 32 34 21 0 0 11 14 12 0 0 2 26 2 0 18 9 0 0 8 17 10 13 0 0 0 0 14 0 0 157 245 0 0 0 75 39 0 8 10 0 12 1 44 189 238 119 1 0 15 55 23 0 0 7 0 0 0 0 0 0 0 0 0 1 4 4 0
0 6 0 0 0 13 19 38 65 88 98 73 37 16 6 0 6 0 0 0 0 0 0 34 53 28 22 4 0 0 1 11 0 0 18 0 0 0 0 255 255 0 0 0 0 0 0 0 0 0 0 35 78 42 0 0 0 0 0 27 38 25 6 0 0 0 14 33 23 0 0 47 35 0 0 0 0 7 18 0 0 0 2 0 16 74 37 8 12 0 0 6 21 15 0 0 0 13 16 0 0 13 32 21 39 56 26 7 20 26 10 0 0 6 10 12 12 11 7 6 12 12 0 0 0 11 25 33 5 0 0 0 0 0 0 23 255 156 0 0 0 62 5 0 4 26 0 2 0 85 255 205 32 0 9 29 27 4 0 0 0 0 0 0 0 0 0 0 0 0 3 6 3 0
0 6 0 0 0 12 19 40 65 86 97 72 36 14 5 1 6 0 0 0 0 0 0 32 51 29 24 5 0 0 2 9 0 0 18 0 0 0 0 255 255 0 0 0 0 0 0 0 0 0 0 36 76 30 0 0 0 12 25 33 23 0 0 0 0 0 41 42 0 0 21 33 0 0 0 0 0 0 25 0 12 76 13 0 0 80 63 6 6 17 10 0 0 0 5 0 0 0 74 39 0 48 61 19 40 51 23 5 14 12 0 0 0 7 10 12 12 11 7 15 13 0 0 0 5 25 34 32 0 0 0 0 0 0 33 209 255 0 0 0 53 39 0 0 3 21 5 0 26 164 255 131 0 6 18 26 17 0 0 0 0 0 0 0 0 0 0 0 0 0 3 6 3 0
0 6 0 0 0 12 20 40 65 86 95 69 35 12 3 2 7 0 0 0 0 0 0 30 48 29 26 8 0 0 2 7 0 0 18 0 0 0 0 255 255 5 0 0 0 0 0 18 0 0 0 10 57 33 0 0 0 32 37 27 2 0 0 0 8 11 29 22 1 8 34 0 0 0 0 0 0 0 0 0 78 206 100 0 0 0 8 0 13 35 30 0 0 0 0 0 0 0 170 209 44 46 37 13 53 41 16 2 10 2 0 0 5 7 10 12 12 10 6 12 10 1 0 3 13 20 21 0 0 0 0 0 0 7 196 255 150 0 0 0 47 12 0 0 18 12 0 0 110 240 208 53 0 18 24 20 6 0 0 0 0 0 0 0 0 0 0 0 0 0 3 6 3 0
0 5 0 0 0 12 20 41 65 85 94 66 33 10 1 3 8 0 0 0 0 0 0 27 46 31 27 10 0 0 4 5 0 0 18 0 0 0 0 255 255 51 0 0 0 0 0 26 0 0 0 0 41 26 0 0 16 33 29 8 0 0 0 9 28 14 4 15 35 19 0 0 0 0 0 0 0 0 0 0 73 255 160 0 0 0 0 0 7 18 24 0 0 0 0 0 0 0 248 255 74 37 26 14 57 24 5 2 13 0 0 0 12 7 10 12 12 10 6 8 13 19 16 0 0 0 0 0 0 0 0 0 0 163 255 255 0 0 0 30 0 26 3 0 34 0 0 33 220 255 102 0 17 25 24 11 0 0 0 0 0 0 0 0 0 0 0 0 0 0 3 6 3 0
0 5 0 0 0 12 19 41 66 85 92 64 31 8 0 3 9 0 0 0 0 0 0 24 44 32 28 13 1 0 5 3 0 0 18 0 0 0 0 218 255 127 0 0 0 0 0 22 17 0 0 4 34 8 0 36 64 18 6 0 0 0 0 8 14 4 0 28 52 0 0 0 44 0 0 0 0 0 0 0 0 192 151 0 0 0 0 3 0 0 0 0 0 0 0 0 75 181 219 224 57 61 52 5 33 5 0 1 20 5 0 0 12 6 9 12 12 11 6 21 18 0 0 0 0 0 0 0 0 0 0 57 133 222 202 0 0 0 0 39 0 46 14 0 30 0 0 108 255 229 11 0 47 25 17 0 0 0 3 0 0 0 0 0 0 0 0 0 0 0 3 6 3 0
0 5 0 0 0 12 19 42 66 84 91 63 29 7 0 3 9 0 0 0 0 0 0 22 43 33 29 14 2 2 6 1 0 0 18 0 0 0 0 146 255 209 0 0 0 0 0 15 52 0 0 0 13 9 0 59 70 0 0 0 0 7 24 5 0 0 9 21 11 0 0 23 43 0 0 0 0 0 0 0 0 100 141 15 0 0 0 13 0 0 0 0 0 0 0 74 255 229 87 129 56 75 67 0 0 0 0 1 29 15 0 0 11 6 10 12 12 11 6 44 1 0 0 0 0 0 0 0 4 17 78 151 210 105 0 0 0 0 24 6 0 6 13 7 8 0 0 193 255 141 0 16 56 22 9 0 0 4 17 0 0 0 0 0 0 0 0 0 0 0 3 6 3 0
0 2 0 0 0 10 15 40 68 86 94 66 28 5 0 2 10 0 0 0 0 0 0 21 43 33 30 14 2 3 6 0 0 0 10 0 0 0 0 48 255 255 0 0 0 0 0 10 75 0 0 0 0 52 25 42 38 0 0 0 0 14 17 7 1 7 0 0 0 14 20 0 0 0 0 0 0 0 0 0 15 138 103 0 0 0 61 36 0 0 0 0 0 0 147 215 211 137 61 119 32 17 55 0 0 0 0 2 24 16 0 2 0 0 24 31 27 14 0 0 0 0 0 0 0 0 0 85 68 30 153 186 72 0 0 0 0 2 25 0 0 0 21 49 0 0 60 255 239 53 0 46 40 13 2 0 0 5 15 0 0 0 0 0 0 0 0 0 0 0 0 3 3 0
0 0 0 0 0 7 11 38 70 89 97 68 28 5 0 1 11 0 0 0 0 0 0 21 44 33 29 13 2 3 6 0 0 0 2 0 0 0 0 0 255 255 44 0 0 0 0 2 68 0 0 0 0 90 48 0 0 0 0 3 12 7 0 6 20 34 7 0 0 22 38 0 0 0 0 0 0 0 0 16 145 149 7 0 0 62 74 15 0 0 2 0 0 27 218 231 132 38 59 112 12 0 32 15 0 0 0 4 16 13 0 0 0 15 44 31 0 0 0 0 0 0 0 0 0 68 63 61 54 94 170 74 0 0 0 0 35 40 4 0 0 0 28 57 0 0 151 255 152 0 27 62 23 6 0 0 0 2 8 0 0 0 0 0 0 0 0 1 0 0 0 0 3 0
0 0 0 0 0 4 5 35 72 92 101 71 29 5 0 0 12 0 0 0 0 0 0 20 44 33 29 13 1 2 6 0 0 0 0 0 0 0 0 0 186 255 129 0 0 0 0 0 19 0 0 0 20 98 24 0 0 0 5 20 14 0 0 9 33 42 23 0 0 0 0 0 0 0 0 0 0 0 0 101 218 83 0 0 0 136 46 0 0 0 24 57 25 124 235 121 31 77 57 20 6 4 1 0 1 4 7 7 7 7 4 0 23 45 3 0 0 0 0 0 0 80 7 0 5 55 48 46 72 108 66 0 0 0 0 23 28 12 0 0 0 16 39 18 0 44 238 247 60 0 51 61 9 0 0 0 0 0 0 0 0 0 0 0 0 0 0 3 1 0 0 0 3 0
0 0 0 0 0 2 4 34 71 93 102 72 31 6 0 0 12 0 0 0 0 0 0 19 42 33 29 13 2 1 6 0 0 0 0 0 0 0 0 0 97 255 244 8 0 0 0 0 0 0 0 0 39 59 0 0 0 7 11 11 5 0 0 14 0 5 40 0 0 0 0 0 0 0 0 0 0 0 27 187 152 0 0 0 117 112 0 0 0 0 109 144 110 133 102 80 99 54 0 0 37 46 0 0 11 5 8 9 9 8 5 0 54 23 0 0 0 0 0 18 42 119 93 30 0 11 26 44 87 50 0 0 0 0 10 37 19 6 0 0 0 15 33 0 0 152 251 183 18 0 58 52 2 0 0 0 0 0 0 0 0 0 0 0 0 0 0 2 0 0 0 0 3 0
0 0 0 0 0 1 2 32 70 94 104 74 33 7 0 0 11 0 0 0 0 0 0 17 40 33 30 13 1 1 6 0 0 1 2 2 1 1 1 0 3 255 255 101 0 0 0 0 0 0 0 52 37 6 0 0 0 10 5 0 3 14 18 16 0 0 4 0 0 0 0 2 0 0 47 0 0 0 119 156 6 0 0 79 145 30 0 0 0 0 210 196 62 93 111 84 59 2 0 0 19 29 0 0 7 5 10 11 11 10 6 8 31 0 0 0 0 0 96 59 8 91 109 73 24 17 37 63 16 0 0 0 0 14 27 16 15 0 0 0 0 14 26 0 42 231 230 108 0 8 69 36 0 0 0 0 0 0 0 0 0 0 0 0 0 0 0 0 0 0 0 0 3 0
0 0 0 0 0 0 2 30 68 96 105 76 36 8 0 0 10 0 0 0 0 0 0 15 38 33 30 13 1 1 6 0 0 2 6 7 5 5 3 0 0 121 255 218 0 0 0 0 0 0 0 74 14 0 0 4 31 0 0 0 9 26 29 9 0 0 0 2 0 0 0 0 0 0 159 0 0 28 168 54 0 0 0 81 112 0 0 90 15 0 213 190 55 113 127 39 0 0 0 0 0 0 4 4 3 7 11 13 13 11 8 6 0 0 0 0 78 72 89 52 0 38 87 106 81 56 46 0 0 0 0 0 25 61 0 0 13 0 0 0 0 12 19 0 94 252 172 43 14 55 69 14 0 0 0 0 0 0 0 0 0 0 0 0 0 0 0 0 0 0 0 0 3 0
0 0 0 0 0 0 1 27 66 98 107 77 38 10 0 0 9 0 0 0 0 0 0 13 37 33 29 13 1 2 6 0 0 4 8 11 10 8 5 4 0 1 255 255 80 0 0 0 0 0 7 51 0 0 0 25 30 0 0 3 15 19 15 0 0 0 0 8 19 0 0 0 0 93 206 0 0 86 123 0 0 10 0 6 76 11 0 151 75 0 117 175 144 135 63 0 0 0 0 0 0 0 0 4 13 8 13 15 15 13 9 3 0 0 0 0 103 76 19 42 34 21 76 126 112 36 0 0 0 0 0 0 63 34 0 0 7 0 0 0 2 10 12 25 147 224 98 5 59 100 45 0 0 0 0 0 0 0 0 0 0 0 0 0 0 0 0 0 0 0 0 0 3 0
0 0 0 0 0 0 1 26 64 98 108 79 40 11 0 0 9 0 0 0 0 0 0 11 35 34 29 13 2 1 6 0 0 6 10 14 13 10 7 4 0 0 95 255 227 0 0 0 0 0 0 6 0 0 27 21 0 0 0 19 17 0 0 0 0 0 0 21 31 0 0 0 0 166 166 0 0 93 23 0 0 50 18 0 39 25 14 148 88 0 69 171 168 79 4 0 0 0 0 9 5 0 0 9 24 9 14 17 16 14 10 20 0 0 0 0 29 64 0 30 73 49 84 118 72 0 0 0 0 0 0 46 29 1 2 11 0 0 0 0 7 9 6 76 192 180 36 0 110 128 2 0 0 0 0 0 0 0 0 0 0 0 0 0 0 0 0 0 0 0 0 0 3 0
0 0 0 0 0 0 0 18 63 105 115 82 40 13 4 1 7 0 0 0 0 0 0 13 40 35 30 13 4 3 7 0 0 14 8 9 18 19 11 5 0 0 0 255 255 31 0 0 0 0 0 0 0 37 38 0 0 33 26 0 0 16 0 0 0 0 7 49 41 0 0 0 0 112 106 0 0 0 0 0 0 34 20 0 43 76 34 74 108 83 84 135 121 25 0 0 0 0 0 23 14 0 0 6 25 20 24 19 12 11 9 28 0 0 0 0 0 20 17 34 65 96 122 87 0 0 0 0 0 0 36 43 10 0 6 4 0 0 0 19 15 0 22 155 196 100 17 26 122 105 0 0 4 0 0 0 0 0 0 1 0 0 0 0 0 0 0 0 0 0 0 0 3 0
0 0 0 0 0 0 0 11 63 112 120 85 40 14 8 2 5 0 0 0 0 0 0 15 45 36 32 15 5 3 8 0 0 20 5 4 22 28 14 7 0 0 0 225 255 85 0 0 0 0 0 0 0 46 29 0 1 34 29 0 0 9 0 0 0 0 14 72 58 0 0 0 0 40 76 62 0 0 0 4 0 4 0 7 84 82 40 81 119 135 127 62 32 28 0 0 0 0 14 9 0 0 11 17 19 30 30 18 7 7 8 23 4 0 0 0 0 0 12 38 60 132 166 71 0 0 0 0 48 4 27 35 17 1 0 0 0 0 0 35 15 0 60 212 172 39 21 57 109 71 0 0 8 0 0 0 0 0 0 1 1 0 0 0 0 0 0 0 0 0 0 0 3 0
0 0 0 0 0 0 0 3 63 120 126 87 39 15 12 3 3 0 0 0 0 0 0 18 51 36 33 16 6 5 8 0 0 23 0 0 28 36 14 16 0 0 0 166 255 144 0 0 0 0 17 0 0 31 11 27 29 16 16 0 0 0 0 0 0 0 0 73 61 16 2 0 0 2 62 171 0 0 0 0 0 0 0 76 144 107 62 57 126 171 88 17 26 17 0 0 0 28 18 1 0 2 9 21 32 37 34 15 2 2 5 7 8 0 0 0 0 0 5 53 50 152 219 78 0 0 0 0 8 14 30 36 23 2 0 0 0 0 0 40 2 0 129 247 120 0 35 79 76 30 0 1 12 0 0 0 0 0 0 2 1 0 0 0 0 0 0 0 0 0 0 0 3 0
0 0 0 0 0 0 0 4 64 120 126 87 39 15 12 3 2 0 0 0 0 0 0 16 50 36 33 17 5 5 8 0 0 17 0 4 33 36 8 12 0 0 0 113 255 226 0 0 0 13 32 5 0 4 29 53 11 0 0 0 0 0 26 0 0 0 2 52 55 41 34 0 0 6 12 140 128 0 0 0 0 0 82 170 123 72 117 58 56 140 78 9 0 0 0 0 0 40 19 0 0 9 28 39 38 32 27 9 0 1 5 9 13 0 0 0 0 0 0 40 63 159 255 114 0 0 0 18 0 13 27 32 21 0 0 0 0 0 0 13 0 30 200 218 72 5 35 61 54 19 0 11 20 0 0 0 0 0 0 3 2 0 0 0 0 0 0 3 2 0 0 0 3 0
0 0 0 0 0 0 0 6 66 120 126 87 39 15 12 2 1 0 0 0 0 0 0 14 47 36 33 17 5 5 8 0 0 10 0 10 40 34 0 10 0 0 0 46 255 255 0 0 0 37 17 23 10 0 34 2 0 0 0 0 0 0 76 0 0 0 9 25 35 45 44 0 0 18 0 53 225 0 0 0 0 47 213 194 76 78 124 0 0 115 87 24 0 0 0 0 3 19 5 0 0 24 37 40 34 26 21 5 0 2 7 14 20 0 0 0 0 0 0 16 68 154 255 168 0 0 0 40 0 11 24 28 17 0 0 0 0 7 10 0 0 100 255 169 25 22 37 41 28 5 0 12 19 2 2 2 2 1 1 6 2 0 0 0 0 0 0 2 1 0 0 0 3 0
0 0 0 0 0 0 0 8 68 120 126 87 39 15 12 1 0 0 0 0 0 0 0 11 44 36 33 17 5 5 8 0 0 1 0 18 46 32 0 6 3 5 0 0 255 255 0 0 0 12 0 27 39 12 16 0 0 0 0 0 0 0 90 0 0 28 12 0 13 30 29 0 33 71 0 0 216 0 0 0 12 171 226 150 82 88 67 0 0 92 102 48 0 0 0 0 0 0 0 8 28 42 36 31 28 22 16 3 1 7 12 16 24 1 0 0 0 0 0 0 56 134 255 235 0 0 0 46 0 9 21 24 13 0 0 0 0 20 18 0 0 175 255 108 0 43 43 22 1 0 0 4 7 5 8 8 7 6 5 8 4 0 0 0 0 0 0 0 0 0 0 0 3 0
0 0 0 0 0 0 0 10 70 120 126 87 39 15 12 0 0 0 0 0 0 0 0 9 41 36 33 17 6 4 8 0 0 0 0 25 52 30 0 0 14 12 0 0 211 255 0 0 0 0 3 20 44 31 0 0 0 0 0 0 0 30 86 0 0 41 4 0 1 19 10 0 72 133 0 0 149 0 0 0 180 232 135 102 122 73 7 0 0 68 110 63 0 0 0 0 0 0 0 23 45 49 35 25 23 19 14 5 5 14 18 12 21 12 0 0 0 0 0 0 29 100 255 255 0 0 0 37 0 7 18 20 9 0 0 0 0 25 13 0 42 242 243 50 0 63 50 9 0 0 0 0 0 4 7 8 7 6 4 8 6 0 0 0 0 0 0 0 0 0 0 0 3 0
0 0 0 0 0 0 0 11 71 120 126 87 39 15 12 0 0 0 0 0 0 0 0 7 40 36 33 17 5 5 8 4 0 0 0 30 57 30 0 0 9 17 0 0 48 255 68 0 0 20 52 5 19 39 0 0 0 0 0 0 0 73 112 0 0 32 0 0 6 24 2 0 69 140 35 0 101 75 0 42 255 146 90 94 108 53 4 0 0 47 113 72 0 0 0 0 0 13 17 24 35 46 40 22 15 18 15 7 10 21 23 4 12 19 0 0 0 0 0 0 0 66 255 255 0 0 0 19 4 5 15 17 6 0 0 0 0 24 1 0 92 255 195 5 13 80 57 0 0 0 3 0 0 0 0 0 0 0 0 7 8 1 2 3 3 2 1 0 0 0 0 0 3 0
0 0 0 0 0 0 0 5 70 126 125 85 45 22 9 0 1 0 0 0 0 0 0 11 41 32 31 19 7 3 4 12 1 0 0 30 53 28 0 0 2 35 9 0 0 176 105 0 0 55 80 0 0 25 0 0 0 0 47 0 0 34 112 0 0 7 0 0 19 52 11 0 14 80 85 0 0 132 0 92 190 92 89 53 59 71 29 0 0 27 130 51 0 0 0 0 0 42 33 17 17 36 44 31 12 8 15 13 13 21 26 0 0 43 0 0 0 0 0 0 0 47 251 255 0 0 0 28 0 5 14 14 2 0 0 0 5 5 0 0 187 255 110 8 41 59 42 0 0 0 4 0 0 0 0 0 0 0 0 2 5 0 0 3 7 7 6 0 0 0 0 1 5 0
0 0 0 0 0 0 0 0 68 132 124 83 51 29 6 0 2 0 0 0 0 0 0 16 43 28 29 20 9 2 0 15 6 0 0 29 45 24 0 0 0 12 5 0 0 60 84 0 0 48 55 0 0 0 0 0 0 7 125 0 0 11 104 40 0 0 0 0 29 60 8 0 0 21 103 0 0 190 109 134 125 57 100 26 24 83 26 0 0 46 111 0 0 0 18 0 0 49 43 22 12 21 27 36 21 4 14 12 9 16 25 13 9 14 0 0 0 0 0 0 0 40 221 255 59 0 0 38 0 4 12 11 0 0 0 0 22 0 0 77 250 208 41 29 62 33 25 2 0 0 4 0 0 0 0 0 0 0 0 0 0 0 0 0 7 9 8 2 0 1 5 6 7 0
0 0 0 0 0 0 0 0 66 138 123 81 57 36 3 0 4 0 0 0 0 0 0 20 44 24 27 21 12 0 0 14 8 0 0 27 34 18 0 9 0 0 29 44 38 0 15 16 0 25 2 14 0 0 0 0 0 26 163 0 0 3 63 77 17 0 0 0 36 41 0 58 0 0 93 0 0 209 207 120 94 101 43 0 31 101 17 0 0 0 30 0 0 55 38 0 16 26 22 10 5 10 15 44 37 7 11 4 0 9 23 12 7 20 6 0 0 0 0 0 0 39 179 255 156 0 0 43 1 4 8 3 0 0 0 0 29 0 0 175 255 112 0 64 76 3 4 5 4 3 3 2 1 0 0 0 0 0 0 0 0 0 0 0 3 7 8 3 0 4 9 9 8 0
0 0 0 0 0 0 0 0 66 138 123 81 57 36 3 0 5 0 0 0 0 0 0 19 43 24 27 21 12 0 0 4 4 0 8 25 28 15 1 32 0 0 95 59 0 0 15 113 79 1 0 16 0 0 0 22 0 84 186 0 0 60 58 51 0 0 0 16 43 3 0 98 13 0 0 0 111 214 104 143 141 82 0 0 31 123 50 0 0 0 0 0 0 81 38 25 56 42 28 0 0 0 9 41 46 22 6 0 0 13 25 41 34 12 0 0 0 0 0 0 0 30 130 255 234 0 0 12 27 4 1 0 0 0 0 0 7 0 32 217 230 56 0 74 72 2 2 3 2 2 3 8 7 0 0 0 0 0 0 0 0 0 0 0 0 1 3 0 0 2 6 7 5 0
0 0 0 0 0 0 0 0 66 138 123 81 57 36 3 0 7 0 0 0 0 0 0 17 41 24 27 21 12 0 0 0 0 6 13 22 23 16 8 17 0 38 168 38 0 0 15 222 184 0 0 0 0 0 45 0 0 168 154 0 0 85 41 21 0 0 0 36 52 3 0 79 11 0 0 0 217 163 85 131 125 70 0 0 58 153 62 0 0 0 0 0 18 25 5 40 85 88 76 27 0 0 0 35 54 29 0 0 0 26 26 37 24 0 0 0 0 0 0 0 0 17 77 255 255 0 0 0 49 5 0 0 0 0 0 12 0 0 102 245 173 16 10 77 52 1 0 0 0 1 2 8 8 1 0 0 0 0 0 0 0 0 0 0 0 0 0 0 0 0 3 2 1 0
0 0 0 0 0 0 0 0 66 138 123 81 57 36 3 0 9 0 0 0 0 0 0 15 39 24 27 21 12 0 0 0 0 11 12 15 20 24 22 17 1 61 140 0 0 0 6 255 255 0 0 0 0 0 55 0 0 204 90 0 0 77 11 10 7 0 0 5 57 41 56 35 0 0 10 169 196 126 114 100 83 17 0 0 109 109 0 0 0 0 0 29 13 0 0 0 54 97 121 103 58 9 0 26 60 30 0 0 14 32 11 0 0 0 0 0 0 0 0 0 0 0 32 255 255 0 0 0 55 8 0 0 0 0 0 23 0 0 154 246 120 3 47 70 21 0 0 0 0 0 0 4 5 2 1 0 0 0 0 0 5 0 0 0 0 0 0 0 0 0 0 0 0 0
0 0 0 0 0 0 0 0 66 138 123 81 57 36 3 2 11 0 0 0 0 0 0 13 37 24 27 21 12 0 0 0 0 9 6 8 20 36 40 41 39 52 75 0 0 0 0 255 211 0 0 0 4 28 0 0 0 116 52 0 0 62 0 0 76 1 0 0 53 69 89 14 0 0 153 233 131 127 112 79 49 0 0 30 94 0 0 0 0 9 0 42 37 0 0 0 7 44 105 147 128 55 0 25 65 35 0 0 25 12 0 0 0 0 0 0 0 0 0 0 0 0 3 255 255 0 0 0 46 11 0 0 0 0 9 21 0 14 193 227 74 3 79 59 0 0 0 0 0 0 0 0 3 3 2 0 0 0 0 4 10 3 1 0 0 0 0 0 0 0 0 0 0 0
0 0 0 0 0 0 0 0 66 138 123 81 57 36 3 3 12 0 0 0 0 0 0 12 35 24 27 21 12 0 0 0 0 5 0 0 21 50 58 66 67 23 16 0 0 0 0 25 62 0 0 0 83 32 0 0 28 0 66 0 0 62 0 0 135 43 0 0 42 50 51 15 0 34 245 194 135 118 63 77 20 0 0 50 0 0 0 0 40 17 0 38 64 0 0 9 27 3 53 107 121 83 33 39 64 47 10 8 23 0 0 0 0 0 0 17 37 0 0 0 0 0 0 254 255 0 0 0 28 15 0 0 0 0 19 6 0 62 224 202 37 4 95 50 0 0 0 0 0 0 0 0 2 4 4 0 0 0 0 0 6 8 7 3 0 0 0 0 0 0 0 0 0 0
0 0 0 0 0 0 0 0 65 152 133 82 54 37 9 2 5 0 0 0 0 0 0 9 46 30 23 14 10 0 0 0 0 10 0 2 132 113 6 32 64 1 13 0 0 0 0 0 0 1 0 55 75 0 0 79 0 0 70 55 0 72 0 0 109 114 0 0 0 0 17 0 5 200 235 145 152 78 31 49 24 0 0 0 0 0 0 0 26 0 0 35 93 0 0 47 118 77 44 43 73 75 52 56 73 59 43 43 0 0 0 0 0 0 0 0 30 14 0 0 0 0 0 217 255 0 0 0 6 14 0 0 0 6 16 0 0 130 255 136 7 40 78 25 0 0 0 0 0 0 0 0 0 6 6 1 0 0 0 0 0 6 11 11 0 0 0 0 0 0 0 0 0 0
0 0 0 0 0 0 0 0 66 166 143 83 52 38 14 1 0 0 0 0 0 0 0 0 45 34 28 23 17 0 0 0 3 9 0 62 244 115 0 0 55 12 6 0 0 0 0 0 40 79 3 54 27 0 0 128 0 0 67 61 0 95 0 0 53 128 79 0 0 0 0 0 114 255 195 122 133 24 30 67 15 0 0 0 0 0 6 0 0 0 0 74 124 0 0 2 184 173 73 16 37 50 47 63 92 93 63 0 0 0 0 0 0 18 5 0 0 35 5 0 0 0 0 181 255 0 0 0 0 4 0 0 0 13 4 0 0 191 255 74 0 72 51 2 0 0 0 0 0 2 3 0 0 8 8 2 0 0 0 0 0 0 4 11 1 0 0 0 0 0 0 0 0 0
0 0 0 0 0 0 0 0 68 181 154 84 50 39 20 1 0 0 0 0 0 0 0 0 53 39 27 20 14 0 0 0 0 0 0 152 255 84 0 0 49 22 0 0 0 0 0 0 86 88 4 0 0 19 74 138 0 0 49 18 1 125 0 0 0 89 134 0 0 0 0 15 196 255 170 103 50 16 76 78 0 0 0 0 0 0 72 0 0 0 0 176 255 49 0 0 111 210 82 23 49 48 41 65 113 138 67 0 0 0 0 1 57 168 66 0 0 11 12 0 0 15 15 140 255 21 0 0 0 0 0 0 7 15 0 0 28 254 255 11 17 98 14 0 0 0 0 0 3 6 6 0 0 8 8 3 0 0 0 7 0 0 0 6 2 0 0 0 3 0 0 0 0 0
0 0 0 0 0 0 0 0 72 182 155 86 52 39 20 2 0 0 0 0 0 0 0 0 59 44 24 9 3 19 0 1 0 0 0 185 255 39 0 10 8 0 0 0 0 0 58 65 25 10 7 0 0 100 137 101 0 0 58 3 0 150 31 0 0 26 52 19 0 0 0 117 217 200 157 63 23 59 101 45 0 0 0 0 0 0 148 50 0 0 3 255 255 114 0 0 0 152 57 28 52 48 53 81 131 165 23 0 0 0 0 3 120 255 74 0 0 0 24 0 0 34 24 111 255 53 0 0 0 0 0 0 17 5 0 0 120 255 174 0 53 78 0 0 0 0 0 0 3 7 7 0 0 6 7 2 0 0 0 6 0 0 0 0 0 0 0 0 0 0 0 0 12 0
0 0 0 0 0 0 0 0 71 184 157 88 53 40 22 4 0 0 0 0 0 0 0 0 72 46 20 1 0 46 0 0 0 0 0 161 255 96 116 117 0 0 0 0 0 0 148 11 0 5 45 0 0 147 107 50 0 0 47 0 0 140 67 0 0 6 4 0 0 0 93 177 185 173 124 33 57 106 47 0 0 0 0 0 0 0 146 102 0 0 37 255 255 118 0 0 0 77 23 29 45 38 60 111 154 149 0 0 0 0 0 0 153 255 37 0 0 0 24 0 0 54 30 71 255 101 0 0 0 0 0 0 25 0 0 0 206 255 79 0 80 53 0 0 0 0 0 0 3 7 7 0 0 4 5 1 0 0 0 0 0 0 0 0 0 0 0 0 0 10 21 30 36 0
0 0 0 0 0 0 0 0 68 185 158 91 56 42 23 5 0 0 0 0 0 0 0 0 78 30 25 24 0 43 0 0 0 0 3 139 227 129 176 38 0 0 0 0 0 149 99 0 0 43 74 0 0 155 35 14 0 0 0 0 0 91 64 0 0 0 0 0 0 41 200 201 148 150 89 43 96 61 0 0 0 0 40 1 0 0 61 96 0 0 92 255 255 46 0 0 0 0 0 29 31 17 58 134 185 131 0 0 0 27 0 0 154 216 0 0 0 0 9 0 0 69 31 24 255 159 0 0 0 0 0 8 26 0 0 36 255 255 18 5 82 28 0 0 4 0 0 0 3 7 7 0 0 3 4 0 0 0 0 0 0 5 0 0 0 0 0 0 5 37 52 55 48 0
0 0 0 0 0 0 0 0 66 186 160 92 58 44 24 7 0 0 0 0 0 0 0 6 82 9 30 51 0 28 0 0 32 144 105 92 155 69 30 0 0 0 0 0 0 155 0 0 17 76 76 2 10 141 19 9 0 0 0 0 0 30 40 2 0 0 0 0 0 117 219 209 150 98 74 76 47 0 0 0 0 21 66 22 0 0 0 35 15 12 101 155 105 2 0 0 0 0 0 35 20 0 52 135 210 140 0 0 0 48 0 2 96 46 0 0 0 0 0 0 0 77 26 0 255 219 0 0 0 0 0 14 21 0 0 102 255 175 0 38 60 6 0 0 4 0 0 0 3 6 6 0 0 3 2 0 0 0 0 0 0 6 0 0 0 5 14 37 46 42 55 53 38 0
0 0 0 0 0 0 0 0 69 187 161 93 60 46 25 8 0 0 0 0 0 0 0 2 88 14 28 40 0 55 0 0 102 220 90 0 54 17 0 0 0 2 152 70 9 91 0 0 16 95 74 5 0 115 76 30 0 0 0 0 13 0 18 31 0 0 0 0 53 214 173 193 165 37 89 92 0 0 0 11 42 46 33 11 0 0 0 0 2 24 44 50 43 31 24 0 0 0 0 47 16 0 47 127 217 154 0 0 0 0 0 8 6 0 0 0 0 0 0 0 0 79 18 0 255 255 0 0 0 0 0 14 12 0 1 172 255 82 10 75 27 0 0 0 0 0 0 0 3 7 7 0 0 3 0 0 0 0 0 0 0 0 0 0 11 43 52 68 55 25 31 30 21 0
0 0 0 0 0 0 0 0 64 193 177 105 58 39 25 7 1 0 0 0 0 0 0 13 82 13 22 21 0 71 0 0 113 95 0 0 0 32 0 0 0 36 150 150 20 0 0 0 0 89 74 34 20 89 47 12 9 0 0 0 29 0 5 21 0 0 0 0 153 243 137 170 155 54 72 0 0 0 0 84 61 42 15 4 17 6 0 0 0 7 0 7 35 52 43 4 0 0 0 30 7 0 43 112 211 163 0 0 0 0 0 0 0 0 0 0 14 0 0 0 5 78 16 0 255 255 0 0 0 0 0 18 15 0 41 254 224 23 34 83 7 0 6 0 0 0 0 0 1 4 4 0 0 15 1 0 0 0 0 0 0 0 0 27 60 77 67 54 29 5 7 10 10 0
0 0 0 0 0 0 0 0 58 199 192 117 56 33 25 4 3 0 0 0 0 0 0 11 63 20 30 15 0 66 50 40 56 0 0 0 0 28 0 0 62 17 86 156 57 0 0 0 0 103 74 27 32 71 12 32 38 0 0 0 26 0 0 20 18 0 0 54 211 222 137 134 143 75 0 0 0 0 86 83 48 44 21 4 13 17 4 0 0 12 2 7 24 22 5 0 0 0 0 7 0 0 38 106 208 163 0 0 0 0 0 0 0 0 0 0 0 0 0 0 22 74 13 0 255 255 0 0 0 0 0 17 13 0 97 255 169 3 50 74 0 0 6 0 0 0 0 0 0 1 2 0 0 17 0 0 0 0 0 0 0 2 29 67 89 83 57 22 0 0 0 2 8 0
0 0 0 0 0 0 0 0 52 204 206 129 55 26 24 1 5 0 0 0 0 0 0 23 47 12 43 35 6 23 61 78 34 0 0 0 0 0 0 0 92 51 37 74 32 0 0 0 0 122 81 27 71 81 0 14 31 0 0 0 0 0 0 18 29 0 0 166 224 142 159 146 131 15 0 0 0 111 66 43 54 42 41 24 12 10 10 1 0 0 11 20 13 0 0 0 0 0 0 0 0 0 27 100 212 175 0 0 0 0 0 0 0 0 0 0 0 0 0 0 25 68 9 0 255 255 0 0 0 0 0 13 1 0 178 255 99 10 54 51 1 0 1 5 0 0 0 0 0 0 0 0 0 9 0 0 0 0 0 0 0 42 76 97 88 54 21 0 0 0 0 3 10 0
0 0 0 0 0 0 0 0 56 204 206 129 55 27 24 0 5 0 0 0 0 0 0 13 47 30 58 50 22 25 45 49 3 0 0 0 0 0 0 78 109 75 66 4 0 0 0 0 31 125 89 29 68 90 0 0 0 0 0 0 0 0 0 13 1 0 85 223 162 96 188 179 54 0 0 0 139 100 34 48 43 45 47 33 22 21 18 7 0 0 5 11 4 0 0 0 0 0 0 0 0 0 14 103 213 181 6 0 0 0 0 0 0 0 0 0 0 0 0 0 19 61 0 0 255 255 0 0 0 0 0 0 0 0 251 255 52 20 47 38 0 0 0 2 0 0 0 0 0 0 0 0 0 0 0 0 0 0 0 0 15 93 107 85 48 18 4 0 0 0 1 7 13 0
0 0 0 0 0 0 0 0 61 205 206 129 55 26 24 0 5 0 0 0 0 0 0 12 55 43 63 59 40 28 25 0 0 0 0 0 0 0 23 75 76 102 83 0 0 0 0 0 24 71 76 57 89 79 0 0 0 110 20 0 0 0 5 0 0 18 186 228 100 89 221 163 0 0 0 57 186 67 23 43 37 46 50 39 31 31 27 16 0 0 0 2 0 0 0 0 0 0 0 0 0 0 2 97 203 190 39 0 0 0 0 0 0 0 0 0 0 0 0 0 16 57 0 0 255 255 0 0 0 0 31 0 0 63 255 214 25 32 37 20 0 0 0 0 0 0 0 0 0 0 0 7 0 0 0 4 0 0 0 16 69 115 109 56 9 0 0 0 0 0 3 10 16 0
0 0 0 0 0 0 0 0 66 205 207 129 54 26 24 0 6 0 0 0 0 0 0 12 63 52 58 51 35 6 0 0 0 0 0 0 0 34 62 0 56 145 37 0 0 0 0 0 1 9 45 58 82 50 0 0 62 255 101 0 0 0 32 0 0 113 225 181 96 144 207 0 0 0 0 176 117 64 36 20 32 43 48 40 34 37 33 27 7 0 0 0 0 0 0 0 0 0 0 0 0 0 0 81 181 201 74 0 0 0 0 0 0 0 0 0 0 0 0 0 20 60 0 0 255 255 0 0 0 0 61 0 0 130 255 157 26 46 28 1 0 0 0 0 0 0 0 0 0 0 0 9 0 0 1 3 0 0 0 78 116 98 79 22 0 0 8 2 0 0 3 11 16 0
0 0 0 0 0 0 0 0 71 206 207 128 54 26 24 0 6 0 0 0 0 0 0 15 68 49 41 34 25 0 0 0 0 0 0 0 0 57 18 0 57 179 0 0 0 0 0 37 0 0 21 30 45 27 0 0 127 255 114 0 0 0 0 0 22 196 202 128 167 204 66 0 0 0 140 181 62 76 49 7 26 36 41 35 32 37 35 38 16 0 0 0 0 0 0 0 0 0 0 0 0 0 1 64 156 211 106 0 0 0 0 0 0 0 0 0 0 0 0 0 32 70 0 0 255 255 26 0 0 0 62 0 0 200 255 98 41 58 19 0 0 1 0 0 0 0 0 0 0 0 0 6 0 0 8 0 0 0 33 125 125 62 41 0 0 0 17 18 7 0 0 8 14 0
0 0 0 2 0 0 0 0 75 205 207 128 54 27 24 0 6 0 0 0 0 0 0 27 74 28 15 27 47 15 0 0 0 0 4 0 0 0 0 0 25 199 23 0 0 0 0 29 0 0 15 16 24 22 0 0 146 255 96 0 0 0 0 0 95 253 159 102 255 206 0 0 0 5 136 156 85 50 42 28 24 29 31 27 27 34 34 46 24 0 0 0 0 0 0 0 0 0 0 0 0 0 8 52 135 219 131 0 0 0 0 0 0 0 0 0 0 0 0 0 45 81 0 0 255 255 66 0 0 0 36 0 0 255 239 42 55 68 12 0 0 4 0 0 0 0 0 0 0 0 0 0 0 0 7 0 0 5 92 139 94 31 16 0 0 5 19 27 16 0 0 4 10 0
0 0 0 0 0 0 0 0 85 215 198 115 56 32 18 6 16 0 0 0 0 0 0 33 97 42 4 33 88 10 0 0 65 61 0 0 0 0 20 0 27 186 33 0 0 0 9 0 0 0 7 25 76 32 0 0 161 255 40 0 0 0 0 0 204 220 84 213 255 0 0 0 0 92 50 139 123 29 39 45 20 23 27 26 27 31 28 37 23 0 0 0 0 0 0 0 0 0 0 4 0 0 9 51 133 215 148 0 0 0 0 0 0 0 0 0 0 0 0 0 55 88 0 0 221 255 113 0 0 0 18 0 77 255 178 29 60 46 4 0 0 2 0 0 0 0 0 0 0 0 0 0 0 0 13 0 0 62 145 124 52 9 3 0 0 11 17 27 18 0 0 0 4 0
0 0 0 0 0 0 0 0 90 229 194 107 60 37 12 9 23 0 0 0 0 0 0 32 119 68 1 28 102 0 0 0 129 111 0 0 0 0 107 0 0 185 35 0 0 0 40 0 0 0 28 85 118 0 0 25 196 255 0 0 31 0 0 30 255 183 107 255 166 0 0 0 93 94 0 136 140 21 40 49 17 20 26 28 29 29 23 24 18 6 4 0 0 0 0 0 0 0 0 7 0 0 24 45 118 205 164 0 0 0 0 0 0 0 0 0 0 0 0 22 58 88 0 0 184 255 153 0 0 0 6 0 156 255 123 32 59 21 0 0 0 0 0 0 0 0 0 0 0 0 0 0 0 0 13 0 0 107 163 96 23 0 0 2 8 15 15 21 14 0 0 0 2 0
0 0 0 0 0 0 0 0 89 249 197 104 67 42 4 8 28 0 0 0 0 0 0 12 129 112 12 17 83 0 0 0 219 56 0 0 0 38 147 0 3 155 0 0 0 0 17 0 0 0 21 108 143 0 0 71 116 254 0 0 0 0 0 161 255 109 186 255 0 0 0 0 141 83 0 115 127 52 50 28 11 18 28 32 32 28 18 10 11 17 13 0 0 0 0 0 0 0 0 12 0 0 24 49 117 187 185 33 0 0 0 0 0 0 0 0 0 0 0 52 56 81 0 0 139 255 198 0 0 0 0 1 237 255 63 45 55 0 0 0 0 0 0 0 0 0 0 0 0 0 0 0 0 0 8 0 23 141 143 59 9 0 0 7 14 17 15 11 5 1 1 1 2 0
0 0 0 0 0 0 0 0 76 255 214 117 72 43 2 0 22 0 0 0 0 0 0 6 121 106 9 10 58 0 0 0 141 5 0 0 0 81 95 0 4 149 42 0 0 0 0 0 0 0 4 121 148 0 47 88 0 106 0 0 0 0 0 246 162 88 255 120 0 0 0 10 143 95 0 104 123 53 46 23 10 17 26 31 31 26 17 8 10 18 14 1 0 0 0 0 0 0 11 24 0 0 0 34 106 172 210 61 0 0 0 0 0 0 12 0 0 0 0 51 53 68 0 0 106 255 232 0 0 0 0 76 255 247 32 36 50 0 0 0 0 0 0 0 0 0 0 0 0 0 0 0 0 0 0 6 81 147 97 22 2 1 4 12 18 18 14 0 0 3 5 5 6 0
0 0 0 0 0 0 0 0 67 255 224 124 75 42 0 0 22 0 0 0 0 0 0 20 118 72 0 21 40 0 0 0 111 43 0 0 0 133 12 0 44 138 92 0 0 0 0 0 13 0 0 111 161 0 57 125 0 0 0 0 0 81 220 226 0 74 255 0 0 0 0 3 154 111 0 89 119 55 40 18 10 16 25 29 29 24 16 6 8 19 16 2 0 0 0 0 0 0 39 42 4 0 0 2 86 158 227 85 0 0 0 0 0 0 13 0 0 0 14 50 52 52 0 0 63 255 255 0 0 0 0 159 255 186 5 33 43 0 0 0 0 0 0 1 0 0 0 0 0 0 0 0 0 0 0 44 134 140 50 0 0 8 11 16 19 16 11 0 0 5 8 8 9 0
0 0 0 0 0 0 0 0 67 255 221 120 71 39 0 1 26 0 0 0 0 0 0 36 110 28 0 43 26 0 0 16 136 71 0 0 60 162 0 0 104 120 122 0 0 0 0 0 24 0 0 91 141 0 43 174 0 0 0 0 12 239 255 151 0 46 73 0 0 0 14 0 175 130 0 71 113 57 34 16 14 15 23 27 27 22 15 3 6 20 18 5 0 0 0 0 0 0 41 6 0 14 0 0 69 149 226 96 0 0 0 0 0 0 0 0 0 0 36 50 56 35 0 0 15 255 255 25 0 0 0 231 255 119 0 36 31 0 0 0 0 0 0 1 0 0 0 0 0 0 0 0 0 0 0 87 162 112 16 0 3 13 17 18 16 12 7 0 0 5 8 8 9 0
0 0 0 0 0 0 0 0 77 255 204 105 62 33 0 7 32 0 0 0 0 0 0 26 89 10 0 65 8 0 0 52 154 40 0 0 172 123 0 0 140 93 123 0 0 0 0 0 38 0 0 14 74 7 123 141 0 0 0 0 92 255 255 114 0 0 0 0 0 2 10 0 181 147 0 54 109 59 27 16 20 15 21 24 25 21 14 1 4 21 21 7 0 0 0 0 0 0 9 0 0 39 14 0 76 147 208 93 0 0 0 0 0 0 0 0 0 0 33 51 63 20 0 0 0 255 255 47 0 0 0 255 255 56 1 41 11 0 0 0 0 0 0 1 0 0 0 0 0 0 0 0 0 0 11 128 162 69 0 0 7 15 19 16 10 6 2 0 0 3 5 5 7 0
0 0 0 0 0 0 0 0 92 239 183 87 49 28 0 9 35 0 0 0 0 0 0 0 68 26 17 73 0 0 0 66 118 0 0 0 234 15 0 0 144 63 102 54 0 0 0 0 91 63 0 0 0 96 225 12 0 0 3 0 118 255 245 123 54 0 0 0 0 0 9 0 164 160 0 41 105 60 22 18 26 14 20 23 23 20 13 0 3 22 23 9 0 0 0 0 0 0 0 0 0 48 0 0 94 150 182 80 0 0 0 0 13 0 0 0 0 0 17 54 71 7 0 0 0 255 255 56 0 0 0 255 255 7 16 43 0 0 0 0 0 0 0 0 0 0 0 0 0 0 0 0 0 0 41 161 144 23 0 13 7 14 19 14 4 0 0 7 10 1 2 1 2 0
0 0 0 0 0 0 0 9 113 205 155 69 36 24 0 12 36 0 0 0 0 0 0 0 54 48 33 59 0 0 0 98 38 0 0 75 108 0 0 0 118 42 63 69 0 0 0 0 92 238 1 0 0 169 192 0 0 64 108 40 4 138 206 198 0 0 0 0 20 0 2 0 153 172 0 30 105 48 21 25 19 12 18 20 20 18 11 6 8 16 18 9 0 0 0 0 0 0 0 0 0 51 0 0 138 144 98 11 0 0 0 0 0 0 0 0 0 3 28 75 58 0 0 0 0 182 255 114 0 0 0 255 197 0 36 33 0 0 0 0 0 0 0 0 0 0 0 0 0 0 0 0 0 0 91 167 105 6 2 23 13 9 12 8 1 0 0 10 13 0 0 1 4 0
0 0 0 0 0 0 0 45 131 179 136 59 28 22 5 11 33 0 0 0 0 0 0 0 62 55 26 74 34 0 0 73 13 0 20 60 0 0 16 32 106 43 28 38 18 0 0 0 73 255 48 0 0 81 72 42 0 131 184 2 0 35 233 121 0 0 0 61 31 0 0 0 158 183 0 23 104 35 21 31 11 10 16 18 18 16 10 12 13 12 14 9 2 0 0 0 0 0 0 0 39 77 0 0 118 115 14 0 0 0 0 7 0 0 0 0 0 14 42 86 41 0 0 0 0 107 255 177 0 0 19 255 129 0 47 17 0 0 0 0 0 0 0 0 0 0 0 0 0 0 0 0 0 7 129 162 74 5 8 26 17 4 6 4 0 0 0 9 11 0 0 3 6 0
0 0 0 0 0 0 3 76 145 158 123 55 25 21 11 10 29 3 0 0 0 0 0 10 57 50 41 95 69 0 0 82 61 9 25 0 0 0 72 57 79 64 7 0 98 69 0 0 17 255 29 0 0 24 115 182 70 157 167 0 0 58 243 0 0 0 69 28 0 13 0 0 157 196 0 16 100 24 21 34 3 9 14 16 16 14 9 14 14 10 13 10 5 1 0 0 0 0 0 0 62 112 16 0 90 80 0 0 0 0 0 12 0 0 0 0 3 32 56 83 23 0 0 0 0 27 255 251 0 0 89 245 51 17 50 0 0 0 0 0 0 0 0 0 0 0 0 3 0 0 0 0 0 23 162 149 49 16 12 23 22 0 0 0 0 0 0 6 5 0 0 6 11 0
0 0 3 0 0 0 4 78 147 159 124 56 27 22 12 8 25 2 0 0 0 0 0 9 46 62 91 89 19 0 0 102 116 0 0 0 0 2 53 39 55 79 19 0 90 121 0 0 4 104 0 0 0 0 217 255 107 159 0 0 0 233 51 0 0 0 51 0 24 31 0 0 145 206 0 11 90 29 19 31 7 9 13 16 17 13 9 2 4 17 21 13 2 0 0 4 0 0 0 0 82 138 51 0 8 64 0 0 0 0 2 0 0 0 0 0 10 57 45 53 24 0 0 0 0 3 255 255 0 0 126 177 9 39 41 0 0 0 0 0 0 0 0 0 0 0 0 3 0 0 0 0 0 33 168 147 44 15 16 20 16 0 0 0 0 0 0 6 5 0 0 5 10 0
0 0 6 4 0 0 6 76 143 160 126 58 29 24 13 10 26 1 0 0 0 0 0 0 54 103 104 35 0 0 0 158 82 0 0 0 3 0 31 21 10 61 46 0 55 142 28 0 0 0 0 33 70 23 203 234 158 60 0 0 67 163 0 0 0 27 0 0 55 39 0 0 129 215 10 0 78 42 23 27 9 9 14 16 16 13 9 0 0 19 23 15 5 0 0 3 0 5 11 9 79 138 69 0 0 60 0 0 0 0 18 0 0 0 0 16 0 69 42 33 27 0 0 0 0 0 255 255 0 0 149 106 0 54 31 0 3 0 0 0 0 0 0 2 0 0 0 3 0 0 0 0 0 45 176 144 38 15 20 16 10 0 0 0 0 0 0 6 5 0 0 5 10 0
0 0 10 8 0 0 9 71 137 161 128 60 31 26 14 14 29 0 0 0 0 0 0 0 109 132 11 10 0 0 0 190 17 0 0 41 16 1 32 28 0 12 59 0 4 124 99 36 0 0 0 169 166 78 111 175 136 0 0 0 136 0 0 0 77 0 0 19 71 30 0 0 114 218 21 0 68 61 34 24 9 9 14 16 16 13 9 0 0 6 10 10 10 8 4 0 0 13 27 9 53 114 70 0 0 42 0 0 0 28 8 0 0 0 42 13 0 64 46 29 30 0 0 0 0 0 255 255 0 0 144 53 0 54 21 0 3 0 0 0 0 0 0 4 2 0 0 3 0 0 0 0 0 58 184 141 31 14 25 12 3 0 0 0 0 0 0 6 5 0 0 5 10 0
0 0 13 13 0 0 12 68 134 162 129 62 33 28 15 16 31 0 0 0 0 0 0 0 161 75 0 61 29 0 0 183 0 0 0 22 0 8 73 68 0 0 37 0 0 97 95 128 0 0 0 206 189 137 69 71 0 0 0 160 0 0 0 129 68 0 0 61 65 30 0 0 98 215 25 0 61 85 51 22 7 9 14 16 16 14 9 6 0 0 0 0 10 24 24 7 0 4 21 0 15 84 68 9 0 8 0 0 0 81 0 0 0 0 48 2 0 51 44 36 36 0 0 0 0 0 255 255 0 0 111 26 0 39 13 0 0 0 0 0 0 0 0 5 4 0 0 3 0 0 0 0 0 70 191 138 25 13 29 9 0 0 0 0 0 0 0 6 5 0 0 6 10 0
0 0 16 16 0 0 14 69 135 163 130 63 35 29 15 14 29 0 0 0 0 0 0 95 134 0 0 153 0 0 0 130 0 0 6 1 0 0 152 129 0 0 0 0 0 95 39 69 0 0 112 143 188 209 84 0 0 0 120 85 0 0 0 139 29 0 0 65 41 59 0 0 81 207 24 0 58 107 67 21 5 9 13 16 16 13 9 14 0 0 0 0 4 36 41 19 0 0 0 0 0 68 75 26 0 0 28 0 37 103 0 0 0 15 11 0 12 41 34 43 43 0 0 0 0 0 255 255 0 0 70 20 31 17 7 1 0 0 0 0 0 0 0 7 5 0 0 3 0 0 0 0 0 80 196 136 20 12 33 6 0 0 0 0 0 0 0 6 5 0 0 5 11 0
0 0 24 20 0 0 31 76 131 162 128 60 34 28 15 10 21 0 0 0 0 0 0 65 0 0 136 137 0 0 0 67 0 0 10 37 0 0 219 196 0 0 2 0 0 70 20 0 0 99 178 0 186 255 6 0 0 98 131 0 0 0 5 62 36 0 0 39 24 64 0 0 46 161 31 0 53 118 71 18 8 11 13 14 18 21 18 15 0 0 0 0 0 23 35 28 0 0 0 0 0 65 75 20 0 0 12 13 87 0 0 0 0 20 0 1 50 23 30 52 44 0 0 15 0 0 216 255 70 0 26 20 44 7 2 1 0 0 0 0 0 0 0 3 0 0 0 2 0 0 0 0 0 102 206 124 16 21 23 0 0 1 2 2 2 2 1 4 3 0 0 4 9 0
0 0 30 19 0 5 49 81 124 160 126 59 34 28 15 10 14 0 0 0 0 0 0 0 0 3 207 78 0 0 3 0 0 3 50 78 0 0 254 214 0 0 62 0 0 0 0 0 0 208 140 0 225 255 0 0 0 178 0 0 0 36 0 0 51 0 2 16 18 54 9 0 16 120 40 0 43 118 74 17 10 13 13 12 19 27 26 18 0 0 0 0 0 5 19 15 6 17 29 17 27 61 62 3 0 0 8 40 45 0 0 0 26 13 0 6 68 5 34 60 39 0 0 29 0 0 150 255 147 0 1 20 41 6 0 0 0 0 0 0 0 0 0 0 0 0 0 1 0 0 0 0 0 123 216 113 13 29 11 0 0 2 3 4 4 3 2 0 0 0 0 2 8 0
0 1 32 16 0 13 73 84 110 154 123 61 38 30 15 13 6 0 0 0 0 0 0 0 0 146 118 0 0 0 70 0 0 0 70 97 0 0 238 179 0 0 101 50 0 0 0 29 95 204 31 0 221 149 0 0 129 0 0 0 0 42 0 0 42 3 6 12 20 21 16 0 0 83 51 0 25 110 77 20 14 16 14 11 20 33 33 24 10 0 0 0 0 0 0 6 25 52 57 48 42 38 31 0 0 0 12 16 0 0 0 0 29 9 0 9 64 0 46 69 30 0 0 39 0 0 81 255 219 0 0 17 28 12 0 0 0 0 0 0 0 0 0 0 0 0 0 0 0 0 0 0 0 147 229 101 7 35 0 0 4 3 4 5 5 4 3 0 0 0 0 1 7 0
0 0 23 8 0 23 88 80 95 147 123 69 47 36 15 11 0 0 0 0 0 0 0 0 111 144 17 0 0 0 182 0 0 0 114 60 0 43 243 76 0 0 49 13 33 5 0 40 154 145 0 0 195 0 0 101 9 0 0 0 7 7 0 0 21 3 6 11 18 19 15 0 0 84 52 0 3 101 89 31 18 19 16 12 19 30 30 27 17 2 0 0 0 0 0 0 13 45 45 33 24 20 18 9 0 0 54 0 0 0 0 2 26 21 0 7 46 0 58 76 22 0 0 33 0 0 64 255 233 0 0 16 26 11 0 0 0 0 0 0 0 0 0 0 0 0 0 0 0 0 0 0 0 159 237 99 0 30 0 0 5 2 2 4 4 2 2 0 0 0 0 0 7 0
0 0 14 0 0 39 110 75 74 136 120 77 58 41 13 6 0 0 0 0 0 0 0 0 224 103 0 0 0 28 226 0 0 39 140 0 0 150 255 0 0 37 0 0 53 106 15 0 68 112 0 27 178 0 0 27 0 0 0 40 38 0 0 8 12 1 5 10 16 17 14 0 0 75 52 0 0 87 94 44 27 25 22 17 20 28 28 21 15 11 0 0 0 0 0 0 0 15 8 4 10 21 25 38 0 0 22 0 0 0 0 15 22 30 0 3 26 0 78 82 9 0 0 25 0 0 42 255 251 0 0 14 25 10 0 0 0 0 0 0 0 0 0 0 0 0 0 0 0 0 0 0 0 175 246 96 0 23 0 0 5 1 1 1 1 1 1 0 0 0 0 1 7 0
0 0 7 0 0 59 134 70 52 124 114 82 66 44 10 4 3 0 0 0 0 0 0 42 239 46 0 0 0 113 175 0 0 80 136 0 0 236 255 0 0 119 0 0 6 119 87 0 0 92 31 78 235 27 0 0 0 0 0 65 25 0 0 11 10 0 3 8 14 16 13 0 0 54 49 0 0 69 88 53 38 33 32 25 24 28 27 13 9 16 7 0 0 0 0 0 0 1 0 0 4 21 28 30 32 0 0 0 0 0 0 10 20 34 1 0 6 0 106 88 0 0 0 17 0 0 18 255 255 0 0 12 23 8 0 0 0 0 0 0 0 0 0 0 0 0 0 0 0 0 0 0 5 192 255 93 0 16 0 0 7 0 0 0 0 0 0 0 0 0 0 1 7 0
0 0 4 0 0 81 158 65 31 111 105 84 71 44 5 10 14 0 0 0 0 0 0 53 196 16 0 0 0 128 72 0 0 108 111 0 0 255 255 0 0 118 17 0 0 34 106 0 0 53 30 142 255 3 0 0 0 0 7 23 7 0 0 4 8 0 1 6 12 15 12 0 0 22 45 0 0 49 71 52 45 42 44 36 31 31 28 10 6 17 12 0 0 3 9 0 4 19 12 1 0 5 12 0 38 0 0 0 0 0 5 9 22 31 2 0 0 0 139 91 0 0 0 10 0 0 0 255 255 0 0 10 22 7 0 0 0 0 0 0 0 0 0 0 0 0 0 0 0 0 0 0 11 207 255 90 0 10 0 0 8 0 0 0 0 0 0 0 0 0 0 1 7 0
0 0 4 0 4 99 177 62 15 100 97 83 73 43 0 13 15 0 0 0 0 0 0 26 162 30 0 0 0 79 0 0 0 116 83 0 0 252 255 0 0 95 56 0 0 0 72 48 0 0 0 194 255 0 0 0 0 40 0 0 13 11 0 0 11 0 0 4 10 14 12 13 0 0 39 0 0 32 50 43 47 50 55 46 38 35 30 17 11 15 13 5 8 21 24 0 4 38 33 9 0 0 0 0 33 0 0 0 0 0 1 22 27 25 0 0 0 0 168 93 0 0 0 5 0 0 0 255 255 0 0 8 20 6 0 0 0 0 0 0 0 0 0 0 0 0 0 0 0 0 0 0 16 219 255 87 0 6 0 0 9 0 0 0 0 0 0 0 0 0 0 0 8 0
0 0 5 0 18 103 165 61 18 92 96 83 68 41 6 6 15 0 0 0 0 0 0 0 173 36 0 0 0 81 0 0 0 98 72 0 0 216 193 0 0 91 136 3 0 0 18 90 50 0 0 157 255 0 0 0 13 39 0 0 29 10 0 0 17 0 2 5 2 5 12 20 0 0 27 7 0 22 34 4 15 59 72 67 58 49 36 21 14 16 16 15 24 37 38 0 0 28 23 9 0 0 0 0 0 0 0 0 3 0 5 29 26 7 0 0 0 0 196 86 0 0 0 3 0 0 0 255 255 0 0 2 25 5 0 0 5 2 3 2 0 0 0 0 0 0 0 0 0 0 0 0 35 253 253 82 0 0 0 0 5 0 0 0 0 0 0 0 0 15 13 9 9 0
0 0 4 1 23 98 148 69 32 89 99 84 63 38 12 3 20 0 0 0 0 0 0 0 164 49 0 0 26 113 0 0 0 59 48 0 0 203 183 0 0 98 154 47 0 0 0 62 88 0 0 29 145 0 0 0 0 29 0 0 49 5 0 0 19 0 4 7 0 0 12 19 0 0 17 7 0 17 24 0 0 50 72 80 78 66 45 31 24 22 22 21 28 38 37 8 1 16 11 8 3 0 0 0 0 0 0 0 23 0 0 26 33 0 0 0 0 0 188 83 0 0 0 5 0 0 0 255 255 0 0 0 29 10 0 0 6 7 7 5 0 0 0 0 0 0 0 0 0 0 0 0 61 255 227 74 0 0 0 9 0 0 1 2 0 0 0 5 5 0 0 0 0 0
0 0 1 0 20 87 130 80 51 92 107 87 56 33 18 10 21 0 0 0 0 0 0 0 186 17 0 0 88 145 0 0 12 12 13 0 0 202 236 0 0 46 137 110 32 4 0 9 64 6 0 0 9 0 0 0 0 25 0 10 55 0 0 10 21 0 3 9 0 0 10 12 9 15 10 3 5 14 19 0 0 17 46 75 88 76 47 37 37 38 41 35 34 37 32 20 16 12 2 2 2 0 0 13 0 0 0 0 29 0 0 16 48 0 0 12 0 11 164 68 0 0 0 7 0 0 0 255 255 0 0 0 29 20 0 0 6 11 12 8 0 0 0 1 0 0 0 0 0 0 0 0 103 255 189 58 0 0 0 17 0 0 12 5 0 0 0 29 0 0 0 0 0 0
0 3 0 0 4 83 136 87 57 99 114 92 56 27 12 18 11 0 0 0 0 0 0 108 147 0 0 0 148 94 0 0 11 0 0 0 0 190 255 0 0 0 32 130 98 12 10 0 54 62 0 0 0 0 0 0 24 12 0 37 64 0 0 15 27 0 0 11 0 0 7 9 9 18 12 2 2 10 15 0 0 0 6 52 78 68 39 41 50 49 54 44 35 34 27 23 28 24 7 0 0 0 0 0 0 0 0 3 46 0 0 3 44 0 0 4 22 35 136 52 0 0 0 10 0 0 0 255 255 0 0 0 16 31 6 0 7 10 11 8 3 0 0 0 0 0 0 0 0 0 0 0 145 255 160 35 0 0 0 7 0 1 11 0 0 0 3 0 0 0 0 0 0 0
0 3 0 0 0 78 137 83 57 111 126 99 57 23 7 9 10 0 0 0 0 0 0 163 1 0 0 0 126 60 0 0 1 0 0 0 0 153 255 85 0 0 0 115 113 11 51 10 52 109 0 0 19 0 0 0 0 0 0 72 75 0 0 22 38 0 0 14 2 0 2 5 9 21 15 2 0 4 11 35 12 0 2 49 71 55 25 33 46 41 45 38 33 35 29 20 25 26 5 0 0 0 0 4 0 0 0 0 14 2 0 6 41 12 0 0 27 63 130 40 0 0 0 13 0 0 0 255 255 0 0 0 0 31 27 17 12 9 13 13 12 8 4 0 0 0 0 0 0 0 0 6 187 255 124 6 0 0 0 0 0 9 0 0 0 0 0 0 0 0 0 0 0 0
0 0 0 0 0 68 123 71 58 124 141 111 62 22 3 0 23 19 0 0 0 0 76 26 0 0 0 0 91 87 0 0 3 0 0 0 0 113 255 148 0 0 0 26 117 78 97 0 16 153 0 0 17 84 0 0 0 0 0 98 86 0 0 30 46 0 0 17 8 0 0 1 9 24 18 1 0 0 6 58 54 12 38 62 62 39 14 23 32 21 21 19 24 35 33 12 13 19 0 0 19 23 3 33 0 0 0 0 0 0 0 0 33 19 0 0 16 74 130 39 0 0 0 17 0 0 0 255 228 0 0 0 0 18 26 20 11 7 11 15 18 15 11 13 0 0 0 0 0 0 0 38 218 253 88 0 0 0 1 0 0 2 0 0 0 0 0 0 0 0 0 0 32 0
0 0 0 0 0 48 94 51 57 138 158 125 69 23 2 0 33 14 0 0 0 0 0 0 0 46 0 0 85 135 0 0 7 0 30 0 0 77 247 148 0 0 0 0 138 159 61 0 0 158 0 0 0 210 114 0 0 0 0 94 88 0 0 40 48 0 0 19 15 0 0 0 9 27 21 1 0 0 1 59 82 65 78 67 43 22 9 16 20 10 8 6 15 31 32 0 0 14 0 0 41 64 44 51 14 0 0 0 0 0 0 0 0 0 0 0 15 74 125 40 0 0 0 21 0 0 26 255 194 0 0 0 0 0 6 2 0 0 2 8 14 15 12 28 17 0 0 7 0 0 0 67 247 239 58 0 0 3 6 1 0 0 0 0 0 0 0 0 0 6 32 55 53 0
0 0 0 0 0 23 58 23 52 150 172 138 77 25 2 0 28 12 0 0 0 0 0 0 93 33 0 0 79 138 0 0 0 12 96 0 0 33 117 152 99 0 0 0 162 153 0 0 5 107 30 0 0 234 114 0 0 0 0 67 86 0 0 48 43 0 0 21 20 0 0 0 10 29 23 1 0 0 0 50 95 104 100 56 17 9 13 9 11 18 15 6 7 19 23 0 0 17 0 5 53 86 66 59 46 9 0 0 0 0 0 0 0 0 0 18 29 78 123 39 0 0 0 23 0 0 46 255 171 0 0 9 11 0 0 0 0 0 0 0 0 7 8 25 18 0 8 14 0 0 0 103 255 229 36 0 0 17 11 5 0 0 0 0 0 0 0 0 0 49 65 59 38 0
0 0 0 0 0 0 17 0 26 152 198 156 85 37 8 6 28 7 0 15 0 0 0 82 137 0 0 0 23 87 89 0 0 0 191 23 0 20 0 67 220 68 0 0 152 79 0 0 25 44 72 0 0 184 0 0 0 0 0 0 92 0 0 50 55 0 0 17 20 2 0 0 0 20 21 8 1 0 0 26 102 129 103 39 3 10 20 7 7 22 23 13 6 9 11 0 0 24 12 18 53 80 65 40 31 27 21 3 0 0 0 0 0 0 0 0 17 119 128 28 0 0 0 0 0 0 68 255 153 0 0 21 17 0 0 0 0 0 0 0 0 0 0 5 1 0 4 45 23 0 0 110 255 247 14 0 6 7 7 2 3 0 0 0 0 0 0 0 42 45 45 27 14 0
0 0 0 0 0 0 0 0 0 148 220 172 90 47 13 0 23 35 8 0 0 0 0 166 0 0 0 8 0 74 196 0 0 9 250 42 0 0 0 37 229 64 0 0 94 0 0 47 57 8 61 9 42 111 0 0 0 33 0 0 48 0 0 74 54 0 0 10 17 11 15 0 0 11 20 16 19 1 0 1 105 143 105 33 4 18 26 9 6 20 22 13 3 0 1 0 5 29 26 28 49 68 57 46 24 0 3 16 23 14 0 0 0 0 0 0 0 75 142 48 0 0 1 0 0 0 104 255 128 0 0 17 14 0 0 0 0 0 0 0 0 0 0 0 0 0 0 71 45 0 0 115 255 253 0 0 16 0 5 9 0 0 0 0 0 0 6 30 39 35 26 6 3 0
0 0 0 0 0 0 0 0 0 137 241 190 93 55 19 0 7 24 0 0 0 0 0 78 0 0 0 13 0 85 244 31 0 0 189 0 0 0 0 19 160 50 57 20 0 0 0 128 52 33 77 27 0 0 0 0 0 104 18 0 0 0 0 96 53 0 0 1 12 20 32 0 0 4 23 24 40 14 0 0 105 151 104 27 5 21 23 16 13 14 18 15 9 3 0 0 5 30 35 36 44 53 47 32 16 8 13 15 15 13 9 28 27 0 0 0 0 0 79 65 0 0 11 0 0 0 162 255 89 0 0 0 3 0 0 0 0 0 0 0 0 0 0 0 0 0 0 90 57 0 0 124 255 235 0 19 21 0 5 18 0 0 0 0 0 55 35 11 31 28 15 0 0 0
0 17 0 0 0 0 0 0 0 127 247 203 94 49 19 0 0 24 0 0 0 87 0 0 0 0 0 0 0 88 199 31 0 25 64 0 0 6 0 47 0 0 164 41 0 0 0 109 67 62 90 58 13 0 0 0 37 0 105 0 0 0 0 94 41 0 0 0 7 22 38 0 0 8 33 26 51 30 0 0 96 155 107 28 4 18 20 21 19 14 16 13 8 2 0 0 11 30 34 32 38 47 42 28 14 10 15 16 17 14 10 19 17 10 0 0 0 0 0 34 0 0 27 30 0 0 220 255 48 0 0 0 0 0 0 0 0 0 0 0 0 0 0 0 0 0 0 79 37 0 0 172 255 169 0 28 10 0 7 0 0 0 0 0 74 58 0 9 42 14 4 0 0 0
0 59 23 0 0 0 0 0 0 113 255 219 95 42 20 0 0 16 0 0 53 119 0 0 0 0 11 0 6 54 98 45 51 1 0 0 0 0 33 39 0 2 193 0 0 25 33 91 61 44 118 76 30 0 0 1 186 0 21 0 0 0 25 73 44 0 0 0 1 23 44 0 0 11 43 28 69 57 0 0 74 161 114 32 4 16 18 25 24 13 14 11 6 1 0 5 18 30 33 28 30 37 35 26 15 11 16 18 19 16 11 31 9 0 42 12 0 0 0 0 0 0 51 45 0 0 255 255 18 0 0 0 0 0 0 0 0 0 0 0 0 0 0 0 0 0 2 66 18 0 0 214 255 101 0 32 0 0 0 0 0 0 0 121 111 18 0 33 55 0 0 0 0 0
0 100 74 15 0 0 0 0 0 98 255 236 96 34 21 0 4 8 0 0 69 51 0 0 0 0 11 0 48 29 7 0 42 0 0 67 0 0 3 22 0 16 184 0 0 71 45 70 59 28 113 93 40 0 0 0 172 0 0 32 0 0 3 88 46 0 0 0 0 24 52 0 0 9 49 30 95 97 0 0 38 169 123 40 9 16 17 27 25 11 13 10 4 0 0 8 22 30 33 24 22 28 27 25 18 12 18 21 21 18 12 21 20 2 17 61 13 0 0 0 0 10 73 40 0 0 255 255 0 12 8 0 0 0 0 0 0 0 0 0 0 0 0 0 0 0 6 57 8 0 0 234 255 53 0 25 0 0 0 0 0 0 0 132 52 0 0 62 49 0 0 0 4 0
0 144 131 68 0 0 0 0 0 84 255 251 96 27 23 0 14 1 0 0 49 0 0 0 0 0 3 17 91 23 0 0 17 0 53 116 0 0 0 68 46 0 145 23 0 36 38 32 58 58 74 90 46 0 0 0 0 42 0 63 0 0 0 122 47 0 0 0 0 25 59 0 0 2 50 34 125 141 0 0 0 177 135 51 16 19 17 25 23 10 12 8 2 0 0 8 24 31 32 21 15 18 19 27 24 13 19 23 23 20 13 0 36 52 0 9 57 0 0 0 0 0 72 37 0 0 255 255 0 26 17 0 0 0 0 0 0 0 0 0 0 0 0 0 0 0 8 51 7 0 25 228 237 30 0 9 0 0 0 0 0 0 46 74 0 0 29 56 17 0 0 0 17 0
0 190 189 121 32 0 0 0 0 74 255 255 97 22 23 0 14 3 0 0 21 0 0 0 0 0 4 24 96 6 0 0 0 0 156 132 0 0 0 49 114 0 61 81 0 10 20 9 33 67 65 65 26 32 117 0 0 0 79 177 0 0 0 110 64 0 0 0 0 27 66 0 0 0 49 37 152 181 0 0 0 185 145 61 24 23 18 22 19 9 11 6 1 0 0 7 23 32 32 18 9 11 14 30 29 14 20 24 24 21 14 7 31 41 3 0 31 33 0 0 0 0 41 38 0 5 255 229 0 36 24 0 0 0 3 0 0 0 0 0 0 0 0 0 0 0 10 50 11 0 77 209 184 27 0 0 0 0 0 0 0 0 55 25 0 30 48 10 0 0 0 12 23 0
0 186 246 187 62 0 0 0 0 52 255 255 91 34 26 0 3 0 0 0 0 0 0 0 0 16 16 23 59 0 0 11 0 0 218 118 0 0 0 0 105 0 30 54 0 12 39 31 1 15 30 60 86 82 133 0 0 0 235 255 0 0 0 103 66 0 0 0 0 35 65 0 0 0 21 72 162 156 0 0 0 186 154 69 22 21 22 19 12 6 7 5 4 3 1 7 17 26 27 17 11 11 11 30 31 14 20 24 23 20 15 28 25 14 23 16 11 29 48 0 0 0 0 43 0 55 255 195 0 28 19 0 0 0 4 0 0 0 0 0 0 0 0 0 0 0 14 75 65 46 88 145 122 27 0 0 0 0 0 0 0 13 32 19 28 44 11 0 0 0 10 20 17 0
0 161 255 236 83 0 0 0 0 36 255 255 86 47 26 0 0 0 0 0 0 0 0 0 0 30 29 22 24 0 0 8 0 0 255 87 0 0 0 0 77 87 32 2 0 24 55 83 0 0 5 85 130 86 124 0 0 0 255 255 0 0 0 113 71 0 0 0 0 31 47 0 0 0 5 111 156 113 0 0 0 184 159 73 18 16 24 19 7 2 3 5 8 9 7 8 12 18 22 18 15 14 11 28 30 14 19 23 23 20 15 44 23 0 31 41 14 8 28 10 0 0 0 4 0 104 255 168 0 15 10 0 0 0 3 0 0 0 0 0 0 0 0 0 0 0 37 107 105 72 77 92 69 13 0 0 0 0 0 0 0 17 19 30 54 32 0 0 0 19 25 20 11 0
0 120 255 255 99 0 0 0 0 23 255 255 83 59 23 0 4 0 0 0 0 0 0 0 0 23 25 16 0 0 0 0 0 30 255 23 0 14 33 0 16 70 51 0 0 28 94 99 17 0 0 96 217 66 63 0 0 0 255 255 0 0 0 155 49 0 0 0 0 26 22 0 0 0 7 158 134 54 0 0 0 179 161 74 12 10 25 19 3 0 0 6 11 14 12 9 8 10 16 20 21 18 11 25 27 13 19 24 24 20 14 29 36 28 25 14 9 12 15 38 0 0 0 0 10 175 255 134 0 1 1 0 0 1 1 0 0 0 0 0 0 0 0 0 0 11 88 146 123 72 50 48 17 0 0 3 0 0 0 0 0 19 17 40 52 0 0 0 0 30 28 14 6 0
0 110 255 255 111 0 0 0 0 25 255 255 89 54 13 0 22 0 0 0 0 0 0 0 0 12 12 4 0 0 0 0 0 127 255 0 0 31 46 0 19 15 15 0 0 38 84 94 58 0 0 82 228 78 61 0 0 0 227 255 0 0 0 135 59 0 0 0 0 17 2 0 4 0 53 177 106 36 6 0 0 178 160 73 11 8 24 19 3 0 0 5 9 12 11 8 8 10 15 21 21 17 12 24 24 14 21 25 26 21 14 27 35 28 24 14 9 12 15 26 9 0 0 0 0 244 255 109 0 0 0 0 0 0 0 0 0 0 0 0 0 0 0 0 0 55 162 162 70 24 39 51 0 0 11 0 0 0 0 0 12 38 38 39 26 0 0 0 13 26 23 10 6 0
0 98 255 255 126 0 0 0 0 20 255 255 95 51 5 0 35 4 0 0 0 0 0 0 0 1 0 0 0 0 0 0 43 193 255 0 0 26 31 0 16 0 0 4 9 36 62 91 114 0 0 47 236 111 36 0 0 0 163 230 0 0 0 75 41 0 0 0 6 11 0 0 13 5 99 187 75 18 4 0 0 177 159 71 9 6 23 18 2 0 0 3 7 10 10 7 6 11 16 20 20 17 12 22 22 15 23 27 28 23 14 24 33 28 25 14 8 12 15 13 69 0 0 0 0 255 255 82 0 0 0 0 0 0 0 0 0 0 0 0 0 0 0 0 0 104 231 166 14 0 29 47 0 0 13 0 0 0 0 0 10 54 55 33 0 0 0 0 29 17 10 0 0 0
0 85 255 255 143 7 0 0 0 6 255 255 101 51 1 0 38 7 0 0 0 0 0 0 4 0 0 0 0 0 1 3 90 153 143 0 0 0 40 20 0 0 0 17 19 27 42 67 134 29 0 30 207 123 0 0 0 28 76 1 0 0 0 23 31 0 0 0 9 2 0 0 26 30 132 178 47 6 0 0 0 176 158 70 6 4 22 17 1 0 0 0 5 9 10 5 4 11 17 20 19 17 12 19 20 17 25 28 29 25 16 22 30 28 26 14 7 12 15 5 79 0 0 0 0 255 255 57 0 0 0 0 0 0 0 0 0 0 0 0 0 0 0 0 1 150 255 146 0 0 23 34 0 0 0 0 0 0 0 0 0 59 61 21 0 0 0 17 35 4 0 0 0 0
0 72 255 255 158 19 0 0 0 0 255 255 106 55 1 0 32 8 0 0 0 0 0 0 8 0 0 0 6 12 12 34 72 60 90 0 0 0 67 39 0 0 0 25 25 28 38 17 80 82 5 60 124 90 0 0 34 132 49 0 0 0 0 0 0 24 0 0 0 0 0 0 42 62 146 152 28 2 0 0 0 175 156 68 4 2 21 17 0 0 0 0 4 8 8 4 3 10 18 20 18 18 12 15 19 19 26 29 31 28 17 20 27 27 27 15 6 12 15 7 41 38 0 0 0 255 255 34 10 0 0 0 0 0 0 0 0 0 0 0 0 0 0 0 19 183 255 105 0 0 21 17 12 0 0 0 0 0 0 0 0 53 54 4 0 0 0 33 28 0 0 0 0 0
0 63 255 255 169 27 0 0 0 0 255 255 111 61 3 0 22 10 0 0 0 0 0 0 0 0 0 0 16 26 23 16 6 25 120 0 0 0 49 32 0 0 0 26 31 41 53 0 0 94 173 124 22 42 0 0 0 118 51 0 0 0 9 0 0 10 0 0 0 0 0 12 62 92 145 121 17 3 0 0 0 174 154 67 3 1 21 16 0 0 0 0 3 7 7 2 2 10 18 21 19 17 11 14 18 19 27 31 32 28 19 19 24 28 27 14 7 12 15 19 0 70 0 0 0 255 255 13 20 0 0 0 0 0 0 3 1 0 0 0 0 0 0 0 38 205 255 58 0 17 22 2 25 0 0 0 0 0 0 0 1 40 41 0 0 0 20 38 12 0 0 0 0 0
0 38 248 255 200 30 0 0 0 0 255 255 112 65 10 0 23 13 0 0 0 0 0 0 0 0 0 0 19 42 29 0 0 31 122 0 0 0 12 25 0 0 0 11 24 86 54 0 0 118 205 115 6 20 0 0 0 20 66 0 0 28 30 0 0 5 0 0 0 0 4 41 70 101 139 82 30 16 0 0 9 170 140 53 2 4 18 11 0 0 0 0 1 3 3 7 9 10 16 19 18 15 10 16 20 18 24 29 30 25 18 23 28 28 26 13 8 12 14 20 0 68 12 0 0 255 255 2 17 0 0 0 0 0 0 0 0 0 0 0 0 0 0 0 45 211 233 33 0 26 28 11 14 0 0 0 0 0 0 0 3 32 17 0 0 0 44 33 0 0 0 0 0 0
0 16 214 255 228 32 0 0 0 0 255 255 112 68 17 0 24 16 0 0 0 0 0 0 0 0 0 5 22 49 24 0 0 46 99 0 0 0 0 19 16 0 0 6 26 112 48 0 0 102 170 87 20 2 0 0 0 0 7 0 0 56 49 38 31 3 0 0 0 0 16 71 86 104 121 49 42 17 0 0 61 161 124 40 1 8 15 4 0 0 0 0 0 0 1 11 14 10 15 17 17 14 9 18 21 16 22 27 27 21 16 28 33 29 26 12 8 12 14 16 0 53 60 0 0 183 255 0 9 2 0 0 0 0 0 0 4 0 0 0 0 0 2 0 37 193 207 34 0 42 44 11 0 0 0 0 0 0 0 0 9 26 0 0 0 24 41 12 0 0 0 0 7 0
0 0 175 255 255 37 0 0 0 0 255 255 112 69 23 0 25 17 0 0 1 0 0 0 0 0 14 20 24 43 6 0 0 32 57 0 0 0 0 3 19 0 0 23 36 99 20 0 0 81 117 58 46 0 0 70 0 0 0 0 0 20 41 17 26 28 16 0 0 0 28 93 105 103 87 24 53 0 0 0 116 146 102 24 0 12 12 0 0 0 0 0 0 0 0 15 19 9 14 15 15 14 9 19 21 14 20 24 24 19 14 32 39 29 26 13 8 12 14 8 0 30 61 0 0 48 206 0 0 7 5 0 0 0 0 0 4 1 0 0 0 0 9 0 17 137 159 52 9 69 67 17 0 0 0 0 0 0 0 0 13 18 0 0 32 66 14 0 0 0 0 9 15 0
0 0 158 255 255 50 0 0 0 0 239 255 115 72 24 0 16 14 0 0 0 0 0 0 0 0 30 44 26 21 0 0 0 34 54 0 0 14 0 0 22 0 0 56 51 14 0 40 0 0 129 95 49 0 0 37 113 29 0 0 0 0 24 0 8 12 8 0 0 0 48 101 135 105 42 28 43 0 0 0 147 126 84 18 1 13 12 0 0 0 0 0 0 0 0 11 14 9 14 15 16 15 9 17 18 13 21 24 24 20 14 31 39 30 27 15 9 13 15 13 0 9 57 0 0 0 82 0 0 12 14 12 5 1 0 0 1 0 0 0 0 2 12 0 0 52 85 65 81 121 86 12 0 0 0 0 0 0 0 0 17 0 0 0 75 74 0 0 0 10 13 9 1 0
0 0 139 255 255 68 0 0 0 0 219 255 119 75 24 0 11 8 0 0 0 0 0 0 0 0 36 56 17 0 0 0 0 31 42 0 0 24 0 0 32 0 0 69 52 0 0 149 43 0 57 73 90 24 0 0 163 187 50 0 0 0 17 12 13 0 0 0 0 23 64 108 146 88 13 46 23 0 0 39 185 102 62 9 3 15 11 0 0 0 0 0 0 0 0 5 9 9 14 16 16 14 9 16 16 12 21 24 24 21 15 30 39 30 28 18 11 14 16 21 0 0 45 0 0 0 0 0 0 20 27 32 29 23 16 0 0 0 0 0 0 11 20 18 0 0 9 78 149 158 90 8 0 0 0 0 0 0 0 0 0 0 0 13 77 41 0 0 0 23 15 0 0 0
0 0 121 255 255 90 0 0 0 0 197 255 124 79 24 0 10 3 0 0 0 0 0 0 0 0 29 50 0 0 0 0 19 22 23 0 8 29 0 0 32 0 0 60 57 0 0 220 98 0 0 0 106 124 0 0 168 195 44 0 0 0 16 14 13 0 0 0 5 43 76 117 130 55 15 56 0 0 0 117 205 75 37 0 6 18 10 0 0 0 0 0 0 0 0 0 3 9 14 16 16 14 9 14 14 12 21 24 24 21 15 30 39 31 29 20 13 16 18 27 1 0 29 30 0 0 0 0 0 23 34 43 46 39 27 16 9 2 0 0 10 31 35 13 0 0 0 97 202 171 76 0 0 0 0 0 0 0 0 0 0 0 20 56 39 0 0 0 14 19 0 0 0 0
0 0 106 255 255 114 0 0 0 0 177 255 128 83 24 0 10 1 0 0 0 0 0 0 0 0 16 34 0 0 0 25 27 15 6 0 18 34 0 0 14 0 0 42 66 0 32 210 126 0 0 0 52 150 0 3 144 62 0 0 0 10 6 0 4 0 0 18 31 61 83 121 93 21 38 32 0 0 0 174 183 51 16 0 8 20 9 0 0 0 0 0 0 0 0 0 0 9 15 16 15 14 9 12 13 13 21 24 24 21 14 29 39 32 31 22 15 17 19 27 0 2 17 41 0 0 0 0 4 15 22 33 40 36 26 31 27 12 14 20 36 55 52 2 0 0 0 121 232 157 45 0 0 0 0 0 0 9 17 0 0 1 56 59 0 0 0 18 23 3 0 0 0 0
0 0 95 255 255 134 0 0 0 0 161 255 131 86 24 0 10 5 0 0 0 0 0 0 0 0 5 18 0 3 41 24 6 12 0 0 29 42 0 0 0 8 0 15 48 0 63 152 149 22 0 0 0 104 15 25 36 0 0 0 0 34 0 0 8 0 12 43 56 77 90 113 45 0 65 0 0 0 79 206 130 32 0 0 9 22 9 2 2 0 0 0 0 0 0 0 0 9 14 15 15 14 9 11 12 13 21 24 24 21 13 28 39 34 32 22 17 19 20 20 0 28 13 22 8 0 0 0 32 0 0 3 13 16 14 22 25 23 32 43 62 79 69 18 0 0 0 135 235 124 6 0 0 0 0 0 0 21 32 0 0 42 51 19 0 0 1 32 25 0 0 0 0 0
0 0 81 255 255 168 4 0 0 0 122 255 149 78 23 0 13 21 1 0 0 0 0 0 0 0 0 0 0 26 59 3 0 14 0 0 32 39 0 0 0 0 12 7 28 0 33 96 182 140 0 0 0 7 13 0 0 0 7 0 0 36 0 0 8 0 16 55 81 99 98 70 28 30 11 0 0 0 198 191 67 17 0 0 7 16 7 6 6 0 0 0 0 0 0 0 0 5 10 12 14 14 10 12 12 12 19 23 23 20 12 31 40 29 31 26 23 22 19 14 0 33 8 2 34 0 0 0 67 0 0 0 0 0 0 0 0 0 12 50 62 80 123 141 68 0 0 122 193 81 0 0 0 0 0 0 16 10 31 16 19 47 17 0 0 0 20 32 12 0 0 0 0 0
0 0 57 226 255 190 14 0 0 0 85 255 164 69 21 0 18 33 0 0 0 0 0 0 0 0 0 0 0 20 39 0 0 15 0 0 32 32 0 0 0 0 12 7 9 0 8 40 149 193 74 0 0 0 9 0 0 0 33 0 0 34 0 0 20 0 26 67 96 106 92 51 32 8 0 0 0 101 221 130 24 8 0 0 5 10 5 7 8 2 1 0 0 0 0 0 0 1 6 9 12 14 11 13 12 11 18 21 22 19 11 35 41 24 29 29 28 25 19 12 9 26 3 0 43 0 0 0 74 0 0 0 0 0 0 0 0 0 0 31 45 99 222 255 101 0 0 119 173 49 0 0 0 0 0 28 20 0 31 52 45 28 0 0 0 20 37 25 0 0 0 0 0 0
0 0 26 169 255 204 25 0 0 0 45 255 177 61 18 0 23 39 0 0 0 0 0 0 0 1 1 2 0 0 0 3 14 11 0 8 31 21 0 0 0 0 3 28 15 10 13 0 52 159 174 112 0 0 0 16 0 0 13 0 0 36 0 0 22 7 37 80 108 103 74 51 29 0 0 0 65 212 159 54 9 3 3 3 3 3 3 7 9 5 3 0 0 0 0 0 0 0 2 5 10 14 12 13 11 11 17 19 21 18 10 38 41 18 27 33 33 27 18 15 24 9 0 0 41 0 0 0 36 21 8 0 0 0 0 0 0 0 0 0 0 117 255 255 77 0 0 131 155 0 0 0 0 0 0 53 17 0 37 78 44 0 0 0 0 37 57 16 0 0 0 0 0 0
0 0 8 131 246 190 32 0 0 0 31 235 170 63 16 0 24 30 0 0 0 0 0 0 0 22 22 11 0 0 0 15 27 0 0 16 39 17 0 0 0 0 3 34 13 5 36 0 0 86 161 175 37 0 0 3 0 0 0 0 0 26 0 0 27 24 65 107 117 87 46 28 0 0 0 2 175 190 79 16 10 3 3 3 3 3 3 6 9 6 4 0 0 0 0 0 0 0 0 4 9 13 11 11 10 12 18 18 20 18 10 36 39 18 27 32 32 27 18 19 28 6 2 6 40 0 0 0 0 66 27 0 0 0 0 0 0 0 0 0 0 124 255 255 33 0 0 131 109 0 0 0 0 0 16 30 19 29 53 52 8 0 0 0 18 62 70 0 0 0 0 0 0 0
0 12 13 103 208 170 34 0 0 0 14 211 164 69 15 0 25 21 0 0 0 0 0 0 0 17 18 10 0 0 0 18 18 0 0 26 49 13 0 7 7 0 0 43 31 0 21 0 0 40 81 143 100 0 0 0 0 0 17 15 0 9 0 0 36 47 90 118 104 54 10 0 0 0 0 140 169 102 36 13 7 3 3 3 3 3 3 6 9 6 5 3 0 0 0 0 0 0 0 2 8 11 10 9 9 12 17 19 20 17 11 33 35 18 27 31 31 27 18 24 32 4 8 14 32 21 0 0 0 93 56 0 0 0 0 0 0 0 0 0 0 86 255 255 55 0 0 43 0 0 0 0 0 32 20 18 42 63 53 11 0 0 0 1 48 77 69 0 0 0 0 0 0 0
0 52 31 83 170 147 34 0 0 0 0 188 160 77 17 3 27 14 0 0 0 0 0 0 0 11 12 8 1 0 0 26 13 0 0 37 60 8 0 38 53 0 0 47 71 0 0 7 17 8 22 109 117 18 0 0 0 0 36 14 0 0 2 21 55 67 94 88 47 0 0 0 0 7 109 155 96 32 22 19 6 3 3 3 3 3 3 5 9 7 7 5 0 0 0 0 0 0 0 0 7 10 8 7 8 12 17 20 20 16 11 29 31 18 27 31 31 27 18 28 36 4 15 19 14 42 0 0 0 69 78 0 0 0 0 0 0 0 0 0 0 41 255 255 115 0 0 0 0 0 0 0 23 16 6 28 69 69 27 0 0 0 0 33 69 71 46 0 0 0 0 0 0 0
0 85 47 68 145 138 43 1 0 0 0 171 160 87 20 7 30 10 0 0 0 0 0 0 0 17 19 13 2 0 0 40 21 0 0 47 71 4 0 54 101 0 0 27 106 0 0 39 54 0 0 128 140 0 0 0 0 0 23 3 0 0 22 45 65 68 68 33 0 0 0 0 30 113 110 69 35 21 16 19 12 3 3 3 3 3 3 4 9 8 8 7 1 0 0 0 0 0 0 0 5 8 7 6 7 12 17 21 21 15 10 25 27 18 27 32 32 27 18 30 40 7 22 20 0 49 0 0 0 0 76 25 0 9 0 0 0 0 0 28 0 14 255 255 138 0 0 0 0 0 0 9 36 0 12 55 72 32 0 0 0 0 15 67 78 45 6 0 0 0 0 0 3 0
0 106 57 63 143 153 68 7 0 0 0 159 162 96 24 10 32 9 0 0 0 0 0 0 0 21 23 15 3 0 0 48 23 0 0 56 80 0 0 67 157 0 0 0 112 0 0 77 109 0 0 129 199 0 0 0 0 0 9 15 0 0 22 38 47 45 28 0 0 4 21 57 96 93 48 3 10 28 21 18 12 3 3 3 3 3 3 3 9 10 9 7 2 0 0 0 0 0 0 0 4 7 6 6 6 11 18 21 20 16 10 21 24 18 27 33 33 27 18 30 43 11 28 18 0 49 51 0 0 0 51 58 4 26 0 0 0 0 0 40 0 0 197 255 93 0 0 0 0 0 0 11 4 0 51 85 45 0 0 0 0 3 52 95 78 12 0 0 0 0 0 0 7 0
0 87 59 59 160 202 93 0 0 0 0 152 162 105 32 5 30 12 0 0 0 0 0 0 0 20 7 13 14 0 0 49 34 0 0 78 90 0 0 92 196 0 0 0 94 74 0 27 150 0 0 103 212 17 0 0 0 0 14 13 0 2 24 27 38 37 25 12 25 57 67 76 65 31 7 0 4 20 18 17 13 9 8 3 1 3 5 2 5 9 8 7 5 2 0 0 0 0 0 0 0 2 3 5 6 10 16 18 17 14 9 21 27 23 28 29 28 26 20 31 39 13 26 17 0 37 54 0 0 0 26 72 9 45 18 0 0 0 7 26 0 0 108 173 19 0 0 0 0 4 0 0 0 44 66 55 0 0 0 0 0 58 90 99 59 0 0 0 0 0 0 0 2 0
0 61 55 57 182 252 113 0 0 0 0 137 155 107 39 1 28 14 0 0 0 0 0 0 0 17 0 10 25 1 0 36 44 0 0 82 120 0 0 109 214 52 0 0 61 187 0 0 121 71 0 9 173 86 0 0 0 0 34 18 0 12 25 36 51 39 38 37 55 82 80 33 0 0 5 9 5 9 17 10 6 15 13 3 0 3 7 2 1 7 7 7 7 5 1 0 0 0 0 0 0 0 1 4 6 8 13 15 14 13 9 21 29 27 29 25 23 25 22 32 33 13 23 17 0 27 37 0 0 0 0 80 17 53 20 0 6 21 14 10 0 0 43 63 0 0 0 0 33 0 0 0 12 67 48 9 0 0 0 0 22 97 107 84 33 0 0 0 0 0 0 0 0 0
0 28 42 52 206 255 129 0 0 0 0 110 142 103 44 0 26 16 0 0 0 0 0 0 0 21 0 12 35 0 0 16 58 0 0 74 172 0 0 128 195 73 0 0 0 255 0 0 33 158 0 0 84 117 0 0 0 0 31 11 0 30 47 74 82 46 49 42 37 38 31 13 4 3 3 3 4 5 2 3 13 21 17 3 0 2 9 3 0 4 6 8 9 7 4 2 0 0 0 0 0 0 0 4 6 7 11 12 12 10 7 21 31 30 28 19 18 25 25 34 27 11 18 19 20 18 10 7 0 0 0 82 28 51 3 0 31 24 15 0 0 0 1 0 0 0 0 27 17 0 0 0 30 53 0 0 0 0 0 0 48 120 101 47 0 0 0 0 0 0 0 0 0 0
0 21 27 52 235 255 152 0 0 0 0 75 130 95 47 9 22 14 0 0 0 0 0 0 4 23 0 15 38 2 0 0 42 26 0 58 215 0 0 156 166 21 57 0 0 197 87 0 0 183 75 0 5 164 0 0 0 0 0 29 13 45 71 91 74 36 34 24 18 21 21 18 12 2 3 4 3 5 3 0 8 21 16 2 0 0 8 6 1 4 6 8 9 7 4 5 3 0 0 0 0 0 0 5 6 6 11 12 12 10 7 18 26 26 24 16 18 27 27 35 27 10 18 20 19 18 11 40 0 0 0 75 51 43 0 0 51 25 16 0 0 0 0 0 0 4 14 11 0 0 0 0 20 5 0 0 0 0 0 22 77 97 65 6 0 0 0 0 0 0 0 12 16 0
0 14 9 50 255 255 174 6 0 0 0 46 127 93 54 16 12 13 0 0 0 0 0 0 10 25 0 18 42 5 3 0 14 41 0 82 200 0 0 187 128 0 107 0 0 28 190 0 0 114 121 0 0 126 53 0 0 0 0 26 54 63 93 85 44 29 25 13 7 11 14 23 18 2 3 4 4 4 2 0 5 20 14 0 0 0 7 9 6 5 6 7 8 7 5 7 5 0 0 0 0 0 0 5 5 6 12 12 12 9 6 16 22 21 18 12 18 29 30 37 27 9 18 21 18 18 12 56 0 0 0 40 50 37 0 14 59 28 19 0 0 0 0 0 0 25 11 0 0 0 0 0 3 0 0 0 0 14 19 61 95 72 24 0 0 0 0 0 0 10 27 43 40 0
0 9 0 44 255 255 188 0 0 0 0 31 134 95 63 21 0 12 4 0 0 0 0 0 14 28 0 22 46 8 5 13 0 14 0 142 115 0 0 192 109 0 70 116 0 0 223 0 0 39 115 0 0 37 109 31 0 0 0 5 80 61 80 71 30 28 23 10 4 9 13 20 14 2 4 4 4 3 2 0 3 19 12 0 0 0 5 13 11 5 6 7 8 7 5 6 4 1 1 1 1 1 1 3 4 7 12 12 12 9 6 16 19 15 12 9 18 31 33 38 27 9 18 21 18 18 12 51 0 0 0 0 30 31 29 27 52 33 25 2 0 0 0 13 31 19 0 0 0 0 0 0 0 0 0 0 0 16 39 82 95 50 0 0 0 0 0 0 0 34 59 73 63 0
0 8 0 42 255 255 193 0 0 0 0 26 137 97 67 22 0 12 5 0 0 0 0 0 15 28 0 23 47 10 6 23 0 0 1 167 80 0 0 187 96 0 53 176 0 0 235 0 0 2 106 29 0 0 133 66 0 0 0 0 88 58 75 64 22 28 24 10 4 10 13 18 12 3 4 3 5 3 1 0 3 18 11 0 0 0 5 14 13 5 6 7 7 6 6 7 4 1 1 1 1 3 3 2 3 7 12 12 12 9 6 16 18 13 10 8 18 31 34 39 27 9 18 21 18 18 12 47 0 0 0 0 19 30 44 32 49 35 27 3 0 0 0 27 43 13 0 0 0 0 0 0 0 0 0 0 0 16 44 86 94 43 0 0 0 0 0 0 0 42 71 85 73 0
